0.000000 -0.000079
0.002000 -0.005908
0.004000 -0.006050
0.006000 -0.002918
0.008000 0.001532
0.010000 0.004548
0.012000 0.006420
0.014000 0.009159
0.016000 0.009952
0.018000 0.010943
0.020000 0.014070
0.022000 0.015953
0.024000 0.019900
0.026000 0.021989
0.028000 0.027551
0.030000 0.027941
0.032000 0.027847
0.034000 0.029159
0.036000 0.030493
0.038000 0.031844
0.040000 0.033201
0.042000 0.034576
0.044000 0.035967
0.046000 0.039437
0.048000 0.040836
0.050000 0.041982
0.052000 0.045057
0.054000 0.044780
0.056000 0.045377
0.058000 0.046147
0.060000 0.047270
0.062000 0.048655
0.064000 0.050361
0.066000 0.052705
0.068000 0.055794
0.070000 0.057082
0.072000 0.058071
0.074000 0.059106
0.076000 0.060174
0.078000 0.062408
0.080000 0.064001
0.082000 0.065059
0.084000 0.066255
0.086000 0.069356
0.088000 0.070117
0.090000 0.070939
0.092000 0.071814
0.094000 0.072740
0.096000 0.073714
0.098000 0.074726
0.100000 0.075767
0.102000 0.076828
0.104000 0.077906
0.106000 0.078998
0.108000 0.080091
0.110000 0.081192
0.112000 0.082923
0.114000 0.085606
0.116000 0.086461
0.118000 0.087356
0.120000 0.088292
0.122000 0.089264
0.124000 0.090259
0.126000 0.092150
0.128000 0.094033
0.130000 0.094875
0.132000 0.097098
0.134000 0.098798
0.136000 0.099498
0.138000 0.100262
0.140000 0.102875
0.142000 0.104001
0.144000 0.105838
0.146000 0.107431
0.148000 0.107947
0.150000 0.108896
0.152000 0.110992
0.154000 0.114574
0.156000 0.115059
0.158000 0.115301
0.160000 0.116878
0.162000 0.118451
0.164000 0.120361
0.166000 0.120518
0.168000 0.122673
0.170000 0.123290
0.172000 0.124347
0.174000 0.126000
0.176000 0.126127
0.178000 0.126392
0.180000 0.126766
0.182000 0.127226
0.184000 0.127769
0.186000 0.128379
0.188000 0.129043
0.190000 0.133233
0.192000 0.135131
0.194000 0.136386
0.196000 0.137220
0.198000 0.137443
0.200000 0.137783
0.202000 0.139133
0.204000 0.139827
0.206000 0.140246
0.208000 0.140737
0.210000 0.141291
0.212000 0.141907
0.214000 0.142578
0.216000 0.145114
0.218000 0.148394
0.220000 0.150322
0.222000 0.150679
0.224000 0.151263
0.226000 0.153503
0.228000 0.153621
0.230000 0.153864
0.232000 0.154215
0.234000 0.155678
0.236000 0.159573
0.238000 0.161584
0.240000 0.161468
0.242000 0.161492
0.244000 0.161633
0.246000 0.161892
0.248000 0.162258
0.250000 0.165882
0.252000 0.169157
0.254000 0.169409
0.256000 0.171375
0.258000 0.172210
0.260000 0.174358
0.262000 0.176145
0.264000 0.177340
0.266000 0.177304
0.268000 0.176929
0.270000 0.178240
0.272000 0.178757
0.274000 0.178570
0.276000 0.178927
0.278000 0.180894
0.280000 0.180807
0.282000 0.180851
0.284000 0.181024
0.286000 0.181306
0.288000 0.181687
0.290000 0.184167
0.292000 0.186397
0.294000 0.186489
0.296000 0.186703
0.298000 0.188910
0.300000 0.190894
0.302000 0.190885
0.304000 0.191562
0.306000 0.197984
0.308000 0.199441
0.310000 0.202082
0.312000 0.203717
0.314000 0.203346
0.316000 0.203179
0.318000 0.202473
0.320000 0.201995
0.322000 0.202427
0.324000 0.203689
0.326000 0.203434
0.328000 0.203352
0.330000 0.203402
0.332000 0.205008
0.334000 0.205154
0.336000 0.206196
0.338000 0.208779
0.340000 0.211552
0.342000 0.211214
0.344000 0.211031
0.346000 0.213703
0.348000 0.218025
0.350000 0.218648
0.352000 0.218934
0.354000 0.220527
0.356000 0.225116
0.358000 0.227478
0.360000 0.228607
0.362000 0.227143
0.364000 0.225974
0.366000 0.226999
0.368000 0.226411
0.370000 0.226142
0.372000 0.227458
0.374000 0.226839
0.376000 0.226417
0.378000 0.226326
0.380000 0.228277
0.382000 0.229525
0.384000 0.229650
0.386000 0.233308
0.388000 0.233014
0.390000 0.236913
0.392000 0.236374
0.394000 0.240545
0.396000 0.241997
0.398000 0.241209
0.400000 0.242659
0.402000 0.243622
0.404000 0.242767
0.406000 0.243234
0.408000 0.242301
0.410000 0.244376
0.412000 0.247263
0.414000 0.246825
0.416000 0.248035
0.418000 0.251717
0.420000 0.251088
0.422000 0.249858
0.424000 0.251528
0.426000 0.252773
0.428000 0.256170
0.430000 0.256777
0.432000 0.257923
0.434000 0.258036
0.436000 0.256516
0.438000 0.257473
0.440000 0.256626
0.442000 0.257646
0.444000 0.256535
0.446000 0.255664
0.448000 0.256714
0.450000 0.256581
0.452000 0.256022
0.454000 0.255629
0.456000 0.257963
0.458000 0.258884
0.460000 0.263219
0.462000 0.263680
0.464000 0.262643
0.466000 0.263427
0.468000 0.263333
0.470000 0.264441
0.472000 0.264108
0.474000 0.263408
0.476000 0.262876
0.478000 0.262486
0.480000 0.262224
0.482000 0.262054
0.484000 0.263394
0.486000 0.268120
0.488000 0.269866
0.490000 0.272266
0.492000 0.272872
0.494000 0.275751
0.496000 0.275950
0.498000 0.275767
0.500000 0.276496
0.502000 0.276089
0.504000 0.276398
0.506000 0.276266
0.508000 0.276955
0.510000 0.278966
0.512000 0.283695
0.514000 0.283691
0.516000 0.281782
0.518000 0.280270
0.520000 0.283164
0.522000 0.284527
0.524000 0.288274
0.526000 0.292420
0.528000 0.292740
0.530000 0.296438
0.532000 0.297757
0.534000 0.298047
0.536000 0.295799
0.538000 0.292940
0.540000 0.294408
0.542000 0.296521
0.544000 0.297374
0.546000 0.297539
0.548000 0.295358
0.550000 0.293560
0.552000 0.293557
0.554000 0.295260
0.556000 0.296394
0.558000 0.294237
0.560000 0.292402
0.562000 0.291193
0.564000 0.291514
0.566000 0.291812
0.568000 0.290911
0.570000 0.289672
0.572000 0.291166
0.574000 0.292613
0.576000 0.293845
0.578000 0.292277
0.580000 0.294568
0.582000 0.299463
0.584000 0.298168
0.586000 0.296530
0.588000 0.298325
0.590000 0.300833
0.592000 0.302416
0.594000 0.302379
0.596000 0.301561
0.598000 0.300006
0.600000 0.299830
0.602000 0.300039
0.604000 0.299908
0.606000 0.304556
0.608000 0.308789
0.610000 0.306990
0.612000 0.307045
0.614000 0.308639
0.616000 0.309436
0.618000 0.309292
0.620000 0.307402
0.622000 0.306593
0.624000 0.308838
0.626000 0.306009
0.628000 0.303435
0.630000 0.301187
0.632000 0.299324
0.634000 0.299849
0.636000 0.304880
0.638000 0.308551
0.640000 0.307481
0.642000 0.306523
0.644000 0.304469
0.646000 0.305523
0.648000 0.308478
0.650000 0.308797
0.652000 0.308847
0.654000 0.312374
0.656000 0.312685
0.658000 0.312299
0.660000 0.313237
0.662000 0.315076
0.664000 0.320891
0.666000 0.323874
0.668000 0.325484
0.670000 0.324542
0.672000 0.325166
0.674000 0.331752
0.676000 0.334246
0.678000 0.334114
0.680000 0.334973
0.682000 0.337881
0.684000 0.340661
0.686000 0.341522
0.688000 0.341532
0.690000 0.340412
0.692000 0.340243
0.694000 0.341377
0.696000 0.341529
0.698000 0.345000
0.700000 0.347597
0.702000 0.347095
0.704000 0.358961
0.706000 0.358962
0.708000 0.360126
0.710000 0.358794
0.712000 0.358764
0.714000 0.360397
0.716000 0.358414
0.718000 0.365316
0.720000 0.371240
0.722000 0.376131
0.724000 0.378658
0.726000 0.378021
0.728000 0.382141
0.730000 0.383884
0.732000 0.383200
0.734000 0.383274
0.736000 0.382220
0.738000 0.381613
0.740000 0.377457
0.742000 0.383517
0.744000 0.387107
0.746000 0.392960
0.748000 0.393119
0.750000 0.394520
0.752000 0.394942
0.754000 0.394449
0.756000 0.392547
0.758000 0.394591
0.760000 0.393904
0.762000 0.393123
0.764000 0.393026
0.766000 0.400193
0.768000 0.405686
0.770000 0.408949
0.772000 0.414591
0.774000 0.414234
0.776000 0.415223
0.778000 0.418470
0.780000 0.420400
0.782000 0.427711
0.784000 0.431689
0.786000 0.430648
0.788000 0.428652
0.790000 0.426785
0.792000 0.431730
0.794000 0.432422
0.796000 0.432900
0.798000 0.433647
0.800000 0.433929
0.802000 0.432623
0.804000 0.431452
0.806000 0.438367
0.808000 0.443722
0.810000 0.449174
0.812000 0.449592
0.814000 0.458654
0.816000 0.464607
0.818000 0.470670
0.820000 0.470565
0.822000 0.468589
0.824000 0.467006
0.826000 0.468265
0.828000 0.467630
0.830000 0.466641
0.832000 0.469832
0.834000 0.478969
0.836000 0.486287
0.838000 0.490318
0.840000 0.491172
0.842000 0.497433
0.844000 0.495312
0.846000 0.499081
0.848000 0.498049
0.850000 0.501079
0.852000 0.500342
0.854000 0.500466
0.856000 0.500553
0.858000 0.503788
0.860000 0.503240
0.862000 0.501722
0.864000 0.510644
0.866000 0.510910
0.868000 0.513351
0.870000 0.513321
0.872000 0.513543
0.874000 0.514104
0.876000 0.517436
0.878000 0.516000
0.880000 0.515695
0.882000 0.523477
0.884000 0.529796
0.886000 0.523909
0.888000 0.523089
0.890000 0.524213
0.892000 0.533263
0.894000 0.547786
0.896000 0.552976
0.898000 0.553317
0.900000 0.562725
0.902000 0.564189
0.904000 0.562115
0.906000 0.570825
0.908000 0.568941
0.910000 0.564831
0.912000 0.564805
0.914000 0.565115
0.916000 0.564607
0.918000 0.576315
0.920000 0.579293
0.922000 0.579533
0.924000 0.580583
0.926000 0.580477
0.928000 0.577530
0.930000 0.575832
0.932000 0.582084
0.934000 0.587958
0.936000 0.594575
0.938000 0.602492
0.940000 0.602363
0.942000 0.611823
0.944000 0.612167
0.946000 0.618581
0.948000 0.615459
0.950000 0.612279
0.952000 0.617226
0.954000 0.615219
0.956000 0.619942
0.958000 0.625628
0.960000 0.621751
0.962000 0.620417
0.964000 0.624984
0.966000 0.627722
0.968000 0.631222
0.970000 0.633926
0.972000 0.634923
0.974000 0.632226
0.976000 0.630982
0.978000 0.642631
0.980000 0.646197
0.982000 0.640898
0.984000 0.641062
0.986000 0.646300
0.988000 0.656811
0.990000 0.664687
0.992000 0.658163
0.994000 0.652529
0.996000 0.655262
0.998000 0.656907
1.000000 0.657446
1.002000 0.662982
1.004000 0.677909
1.006000 0.677867
1.008000 0.683071
1.010000 0.685385
1.012000 0.689155
1.014000 0.688866
1.016000 0.688376
1.018000 0.687859
1.020000 0.691731
1.022000 0.689052
1.024000 0.696364
1.026000 0.702623
1.028000 0.707184
1.030000 0.699432
1.032000 0.696117
1.034000 0.695133
1.036000 0.703463
1.038000 0.708298
1.040000 0.706112
1.042000 0.706287
1.044000 0.706999
1.046000 0.708943
1.048000 0.714711
1.050000 0.718028
1.052000 0.721406
1.054000 0.721382
1.056000 0.720025
1.058000 0.719468
1.060000 0.717006
1.062000 0.719196
1.064000 0.725455
1.066000 0.732317
1.068000 0.730316
1.070000 0.730606
1.072000 0.730465
1.074000 0.737808
1.076000 0.750866
1.078000 0.750920
1.080000 0.750159
1.082000 0.754475
1.084000 0.748636
1.086000 0.756845
1.088000 0.759875
1.090000 0.760455
1.092000 0.770030
1.094000 0.769980
1.096000 0.771661
1.098000 0.771239
1.100000 0.773785
1.102000 0.780644
1.104000 0.779509
1.106000 0.784388
1.108000 0.800353
1.110000 0.804922
1.112000 0.805238
1.114000 0.795105
1.116000 0.790971
1.118000 0.793153
1.120000 0.803533
1.122000 0.804688
1.124000 0.803842
1.126000 0.810609
1.128000 0.822415
1.130000 0.832239
1.132000 0.827304
1.134000 0.831393
1.136000 0.833303
1.138000 0.831669
1.140000 0.836791
1.142000 0.835113
1.144000 0.838180
1.146000 0.835362
1.148000 0.833783
1.150000 0.831651
1.152000 0.828099
1.154000 0.828381
1.156000 0.828733
1.158000 0.833624
1.160000 0.839152
1.162000 0.843659
1.164000 0.840735
1.166000 0.840994
1.168000 0.851612
1.170000 0.856527
1.172000 0.873843
1.174000 0.871244
1.176000 0.868494
1.178000 0.872703
1.180000 0.874176
1.182000 0.869545
1.184000 0.875151
1.186000 0.878984
1.188000 0.876728
1.190000 0.878346
1.192000 0.881726
1.194000 0.890325
1.196000 0.889053
1.198000 0.881830
1.200000 0.883250
1.202000 0.885957
1.204000 0.892128
1.206000 0.888270
1.208000 0.886232
1.210000 0.887223
1.212000 0.893105
1.214000 0.913339
1.216000 0.913283
1.218000 0.911971
1.220000 0.917675
1.222000 0.927885
1.224000 0.928261
1.226000 0.926405
1.228000 0.935787
1.230000 0.950373
1.232000 0.945567
1.234000 0.942346
1.236000 0.938918
1.238000 0.931110
1.240000 0.925863
1.242000 0.924093
1.244000 0.926186
1.246000 0.927918
1.248000 0.930898
1.250000 0.934807
1.252000 0.931281
1.254000 0.932164
1.256000 0.937474
1.258000 0.946135
1.260000 0.955295
1.262000 0.952105
1.264000 0.956737
1.266000 0.954795
1.268000 0.954645
1.270000 0.964616
1.272000 0.974836
1.274000 0.988016
1.276000 0.995039
1.278000 1.001075
1.280000 1.002348
1.282000 1.001814
1.284000 1.000976
1.286000 1.004574
1.288000 1.011424
1.290000 1.020170
1.292000 1.010989
1.294000 1.004958
1.296000 1.005139
1.298000 1.003260
1.300000 0.997585
1.302000 1.002364
1.304000 1.004696
1.306000 1.006138
1.308000 1.007623
1.310000 1.008467
1.312000 1.011019
1.314000 1.014251
1.316000 1.026215
1.318000 1.030999
1.320000 1.035336
1.322000 1.040429
1.324000 1.041492
1.326000 1.052566
1.328000 1.065114
1.330000 1.080550
1.332000 1.080203
1.334000 1.072359
1.336000 1.068867
1.338000 1.069519
1.340000 1.067251
1.342000 1.064361
1.344000 1.066238
1.346000 1.065850
1.348000 1.062456
1.350000 1.067730
1.352000 1.074950
1.354000 1.061003
1.356000 1.062202
1.358000 1.073814
1.360000 1.071718
1.362000 1.083906
1.364000 1.082315
1.366000 1.087261
1.368000 1.094162
1.370000 1.105430
1.372000 1.123214
1.374000 1.127040
1.376000 1.116349
1.378000 1.104995
1.380000 1.105838
1.382000 1.108356
1.384000 1.107988
1.386000 1.123794
1.388000 1.131153
1.390000 1.124910
1.392000 1.128465
1.394000 1.129806
1.396000 1.128630
1.398000 1.135349
1.400000 1.145213
1.402000 1.151449
1.404000 1.153297
1.406000 1.159517
1.408000 1.165535
1.410000 1.162012
1.412000 1.159601
1.414000 1.158589
1.416000 1.167805
1.418000 1.170891
1.420000 1.167792
1.422000 1.166800
1.424000 1.164817
1.426000 1.167836
1.428000 1.174309
1.430000 1.170814
1.432000 1.172498
1.434000 1.170864
1.436000 1.166923
1.438000 1.169191
1.440000 1.163714
1.442000 1.165296
1.444000 1.173245
1.446000 1.184940
1.448000 1.193514
1.450000 1.206799
1.452000 1.202163
1.454000 1.219529
1.456000 1.235188
1.458000 1.236589
1.460000 1.240971
1.462000 1.236434
1.464000 1.225456
1.466000 1.225960
1.468000 1.226312
1.470000 1.218052
1.472000 1.222226
1.474000 1.228993
1.476000 1.233851
1.478000 1.240747
1.480000 1.251503
1.482000 1.243985
1.484000 1.244347
1.486000 1.242485
1.488000 1.241276
1.490000 1.251029
1.492000 1.250712
1.494000 1.248520
1.496000 1.250134
1.498000 1.245950
1.500000 1.242969
1.502000 1.267239
1.504000 1.273478
1.506000 1.268869
1.508000 1.269793
1.510000 1.280996
1.512000 1.283520
1.514000 1.284698
1.516000 1.279324
1.518000 1.272218
1.520000 1.278362
1.522000 1.278147
1.524000 1.271289
1.526000 1.285196
1.528000 1.297323
1.530000 1.305544
1.532000 1.306951
1.534000 1.308505
1.536000 1.310201
1.538000 1.315904
1.540000 1.307545
1.542000 1.306649
1.544000 1.320129
1.546000 1.334445
1.548000 1.343293
1.550000 1.333018
1.552000 1.318999
1.554000 1.313631
1.556000 1.306129
1.558000 1.316900
1.560000 1.322652
1.562000 1.325451
1.564000 1.322677
1.566000 1.319031
1.568000 1.327076
1.570000 1.336787
1.572000 1.334003
1.574000 1.322279
1.576000 1.333609
1.578000 1.343196
1.580000 1.351387
1.582000 1.350633
1.584000 1.350388
1.586000 1.357359
1.588000 1.368757
1.590000 1.377221
1.592000 1.371915
1.594000 1.361492
1.596000 1.353323
1.598000 1.361097
1.600000 1.374549
1.602000 1.366260
1.604000 1.376715
1.606000 1.376440
1.608000 1.372461
1.610000 1.369331
1.612000 1.365947
1.614000 1.364682
1.616000 1.368531
1.618000 1.392663
1.620000 1.393838
1.622000 1.395694
1.624000 1.400931
1.626000 1.400372
1.628000 1.397573
1.630000 1.403646
1.632000 1.422475
1.634000 1.428296
1.636000 1.420583
1.638000 1.420654
1.640000 1.417591
1.642000 1.412604
1.644000 1.416849
1.646000 1.413850
1.648000 1.417165
1.650000 1.430196
1.652000 1.437567
1.654000 1.448285
1.656000 1.458429
1.658000 1.449226
1.660000 1.442361
1.662000 1.439799
1.664000 1.444954
1.666000 1.445011
1.668000 1.452798
1.670000 1.447559
1.672000 1.448398
1.674000 1.439670
1.676000 1.443822
1.678000 1.458155
1.680000 1.460302
1.682000 1.469689
1.684000 1.475642
1.686000 1.473455
1.688000 1.482063
1.690000 1.491611
1.692000 1.484386
1.694000 1.477252
1.696000 1.465136
1.698000 1.471826
1.700000 1.492204
1.702000 1.496141
1.704000 1.485722
1.706000 1.490750
1.708000 1.493028
1.710000 1.488719
1.712000 1.488752
1.714000 1.482844
1.716000 1.497184
1.718000 1.500860
1.720000 1.510072
1.722000 1.519308
1.724000 1.512159
1.726000 1.505099
1.728000 1.516504
1.730000 1.529707
1.732000 1.528299
1.734000 1.522998
1.736000 1.517407
1.738000 1.520831
1.740000 1.513853
1.742000 1.521379
1.744000 1.527390
1.746000 1.536937
1.748000 1.547273
1.750000 1.540492
1.752000 1.544253
1.754000 1.550358
1.756000 1.554019
1.758000 1.550505
1.760000 1.552379
1.762000 1.554588
1.764000 1.549087
1.766000 1.543206
1.768000 1.545075
1.770000 1.558479
1.772000 1.562111
1.774000 1.577924
1.776000 1.585951
1.778000 1.593629
1.780000 1.594198
1.782000 1.579877
1.784000 1.576236
1.786000 1.569659
1.788000 1.566285
1.790000 1.575681
1.792000 1.577543
1.794000 1.575834
1.796000 1.570587
1.798000 1.582212
1.800000 1.591180
1.802000 1.609261
1.804000 1.619486
1.806000 1.613995
1.808000 1.610816
1.810000 1.606524
1.812000 1.594634
1.814000 1.591268
1.816000 1.582660
1.818000 1.593065
1.820000 1.610663
1.822000 1.617423
1.824000 1.608058
1.826000 1.604415
1.828000 1.618482
1.830000 1.632538
1.832000 1.636304
1.834000 1.635009
1.836000 1.643801
1.838000 1.651764
1.840000 1.642369
1.842000 1.644913
1.844000 1.647497
1.846000 1.650112
1.848000 1.655001
1.850000 1.654255
1.852000 1.655975
1.854000 1.654666
1.856000 1.652703
1.858000 1.649879
1.860000 1.640953
1.862000 1.643430
1.864000 1.637916
1.866000 1.643458
1.868000 1.648268
1.870000 1.665072
1.872000 1.673869
1.874000 1.662604
1.876000 1.660829
1.878000 1.666438
1.880000 1.667195
1.882000 1.670337
1.884000 1.672935
1.886000 1.673093
1.888000 1.688256
1.890000 1.688366
1.892000 1.693116
1.894000 1.692747
1.896000 1.690602
1.898000 1.700848
1.900000 1.703261
1.902000 1.699960
1.904000 1.701437
1.906000 1.712067
1.908000 1.717360
1.910000 1.734263
1.912000 1.733356
1.914000 1.744138
1.916000 1.744355
1.918000 1.738019
1.920000 1.721798
1.922000 1.721434
1.924000 1.720366
1.926000 1.722901
1.928000 1.738211
1.930000 1.749084
1.932000 1.752896
1.934000 1.737742
1.936000 1.738397
1.938000 1.745043
1.940000 1.745344
1.942000 1.748984
1.944000 1.751679
1.946000 1.741375
1.948000 1.744066
1.950000 1.758276
1.952000 1.763847
1.954000 1.756356
1.956000 1.765346
1.958000 1.766089
1.960000 1.775945
1.962000 1.774733
1.964000 1.775803
1.966000 1.767792
1.968000 1.768041
1.970000 1.762450
1.972000 1.767382
1.974000 1.780171
1.976000 1.802262
1.978000 1.798422
1.980000 1.800061
1.982000 1.798754
1.984000 1.802132
1.986000 1.797228
1.988000 1.790336
1.990000 1.790735
1.992000 1.788893
1.994000 1.804435
1.996000 1.804549
1.998000 1.802028
