0.000000 -0.000005
0.002000 0.000707
0.004000 0.001024
0.006000 0.002897
0.008000 0.005605
0.010000 0.007126
0.012000 0.007998
0.014000 0.008998
0.016000 0.009376
0.018000 0.010718
0.020000 0.012289
0.022000 0.014820
0.024000 0.017174
0.026000 0.018866
0.028000 0.019601
0.030000 0.021548
0.032000 0.023863
0.034000 0.026324
0.036000 0.026904
0.038000 0.030805
0.040000 0.033531
0.042000 0.036188
0.044000 0.038002
0.046000 0.039460
0.048000 0.040281
0.050000 0.041012
0.052000 0.041640
0.054000 0.044060
0.056000 0.046385
0.058000 0.047313
0.060000 0.048018
0.062000 0.049086
0.064000 0.052038
0.066000 0.052840
0.068000 0.053634
0.070000 0.055358
0.072000 0.057460
0.074000 0.058521
0.076000 0.059351
0.078000 0.059669
0.080000 0.060025
0.082000 0.060420
0.084000 0.060845
0.086000 0.061295
0.088000 0.062701
0.090000 0.063503
0.092000 0.063942
0.094000 0.064869
0.096000 0.067064
0.098000 0.068073
0.100000 0.069008
0.102000 0.070115
0.104000 0.071094
0.106000 0.071816
0.108000 0.073633
0.110000 0.073991
0.112000 0.074665
0.114000 0.075993
0.116000 0.076190
0.118000 0.076421
0.120000 0.076686
0.122000 0.076984
0.124000 0.077307
0.126000 0.078052
0.128000 0.079172
0.130000 0.079479
0.132000 0.079811
0.134000 0.080665
0.136000 0.082920
0.138000 0.084772
0.140000 0.086432
0.142000 0.089872
0.144000 0.090782
0.146000 0.091468
0.148000 0.091548
0.150000 0.093293
0.152000 0.093014
0.154000 0.092806
0.156000 0.093626
0.158000 0.093668
0.160000 0.093546
0.162000 0.093477
0.164000 0.093915
0.166000 0.094201
0.168000 0.094194
0.170000 0.095658
0.172000 0.096565
0.174000 0.096515
0.176000 0.097105
0.178000 0.098351
0.180000 0.098925
0.182000 0.100910
0.184000 0.101047
0.186000 0.100879
0.188000 0.102200
0.190000 0.103891
0.192000 0.103600
0.194000 0.104047
0.196000 0.106089
0.198000 0.105988
0.200000 0.105766
0.202000 0.105592
0.204000 0.105468
0.206000 0.105961
0.208000 0.106499
0.210000 0.107618
0.212000 0.109257
0.214000 0.111224
0.216000 0.114414
0.218000 0.116142
0.220000 0.117497
0.222000 0.119823
0.224000 0.119082
0.226000 0.118423
0.228000 0.119807
0.230000 0.121112
0.232000 0.121434
0.234000 0.123529
0.236000 0.126724
0.238000 0.128074
0.240000 0.127695
0.242000 0.128408
0.244000 0.128441
0.246000 0.128844
0.248000 0.129641
0.250000 0.130328
0.252000 0.131261
0.254000 0.132806
0.256000 0.132454
0.258000 0.133818
0.260000 0.134213
0.262000 0.134266
0.264000 0.134060
0.266000 0.133204
0.268000 0.132162
0.270000 0.133356
0.272000 0.133343
0.274000 0.135915
0.276000 0.136392
0.278000 0.136157
0.280000 0.134911
0.282000 0.134496
0.284000 0.134292
0.286000 0.135895
0.288000 0.136354
0.290000 0.135648
0.292000 0.135154
0.294000 0.135557
0.296000 0.136091
0.298000 0.136533
0.300000 0.136993
0.302000 0.137700
0.304000 0.139410
0.306000 0.140120
0.308000 0.141039
0.310000 0.140965
0.312000 0.140751
0.314000 0.141571
0.316000 0.144936
0.318000 0.146489
0.320000 0.147773
0.322000 0.147136
0.324000 0.147305
0.326000 0.148664
0.328000 0.147854
0.330000 0.147220
0.332000 0.147400
0.334000 0.148445
0.336000 0.147963
0.338000 0.148242
0.340000 0.148845
0.342000 0.150624
0.344000 0.151650
0.346000 0.152701
0.348000 0.153480
0.350000 0.155274
0.352000 0.155260
0.354000 0.154995
0.356000 0.154865
0.358000 0.156579
0.360000 0.155784
0.362000 0.156098
0.364000 0.156432
0.366000 0.155765
0.368000 0.155002
0.370000 0.154159
0.372000 0.155318
0.374000 0.156661
0.376000 0.157172
0.378000 0.162108
0.380000 0.166286
0.382000 0.165786
0.384000 0.166560
0.386000 0.168167
0.388000 0.169834
0.390000 0.171901
0.392000 0.171672
0.394000 0.172761
0.396000 0.173711
0.398000 0.173522
0.400000 0.173468
0.402000 0.175935
0.404000 0.179994
0.406000 0.185607
0.408000 0.190554
0.410000 0.193512
0.412000 0.193918
0.414000 0.195101
0.416000 0.195734
0.418000 0.199153
0.420000 0.200847
0.422000 0.198286
0.424000 0.200867
0.426000 0.201943
0.428000 0.203689
0.430000 0.204877
0.432000 0.204333
0.434000 0.206676
0.436000 0.207632
0.438000 0.208573
0.440000 0.210399
0.442000 0.209908
0.444000 0.210494
0.446000 0.212667
0.448000 0.213883
0.450000 0.213290
0.452000 0.214949
0.454000 0.218925
0.456000 0.223507
0.458000 0.225693
0.460000 0.225586
0.462000 0.231307
0.464000 0.236930
0.466000 0.240046
0.468000 0.242529
0.470000 0.242809
0.472000 0.242966
0.474000 0.247232
0.476000 0.251721
0.478000 0.253093
0.480000 0.251351
0.482000 0.250450
0.484000 0.250832
0.486000 0.253599
0.488000 0.257796
0.490000 0.256334
0.492000 0.257345
0.494000 0.260985
0.496000 0.261935
0.498000 0.259415
0.500000 0.258236
0.502000 0.259061
0.504000 0.261152
0.506000 0.262691
0.508000 0.262933
0.510000 0.262457
0.512000 0.267277
0.514000 0.269237
0.516000 0.271233
0.518000 0.272681
0.520000 0.276870
0.522000 0.275705
0.524000 0.279599
0.526000 0.286294
0.528000 0.288987
0.530000 0.289120
0.532000 0.291003
0.534000 0.294604
0.536000 0.302123
0.538000 0.302305
0.540000 0.303587
0.542000 0.307715
0.544000 0.307349
0.546000 0.313468
0.548000 0.317286
0.550000 0.319642
0.552000 0.323163
0.554000 0.327294
0.556000 0.328598
0.558000 0.329496
0.560000 0.330344
0.562000 0.336590
0.564000 0.339918
0.566000 0.338768
0.568000 0.340520
0.570000 0.342683
0.572000 0.345662
0.574000 0.352292
0.576000 0.359568
0.578000 0.361716
0.580000 0.362453
0.582000 0.363989
0.584000 0.367088
0.586000 0.367099
0.588000 0.368400
0.590000 0.368080
0.592000 0.367305
0.594000 0.369577
0.596000 0.373909
0.598000 0.379470
0.600000 0.382465
0.602000 0.385493
0.604000 0.389960
0.606000 0.395822
0.608000 0.403945
0.610000 0.408259
0.612000 0.409310
0.614000 0.413036
0.616000 0.414083
0.618000 0.415717
0.620000 0.415146
0.622000 0.418054
0.624000 0.424343
0.626000 0.427531
0.628000 0.432124
0.630000 0.430298
0.632000 0.430108
0.634000 0.430674
0.636000 0.436042
0.638000 0.442190
0.640000 0.445742
0.642000 0.445120
0.644000 0.444992
0.646000 0.442426
0.648000 0.445474
0.650000 0.453833
0.652000 0.459193
0.654000 0.463772
0.656000 0.461591
0.658000 0.461748
0.660000 0.465155
0.662000 0.469737
0.664000 0.472141
0.666000 0.473641
0.668000 0.478736
0.670000 0.479675
0.672000 0.481292
0.674000 0.480140
0.676000 0.482862
0.678000 0.487736
0.680000 0.487448
0.682000 0.492989
0.684000 0.501059
0.686000 0.501935
0.688000 0.508625
0.690000 0.511089
0.692000 0.518226
0.694000 0.516585
0.696000 0.519618
0.698000 0.517952
0.700000 0.524324
0.702000 0.526264
0.704000 0.524798
0.706000 0.530606
0.708000 0.537937
0.710000 0.540732
0.712000 0.544502
0.714000 0.550328
0.716000 0.550940
0.718000 0.547939
0.720000 0.546987
0.722000 0.544910
0.724000 0.545628
0.726000 0.547394
0.728000 0.547246
0.730000 0.544864
0.732000 0.547469
0.734000 0.551523
0.736000 0.553967
0.738000 0.552573
0.740000 0.555966
0.742000 0.564384
0.744000 0.573260
0.746000 0.575229
0.748000 0.579966
0.750000 0.581076
0.752000 0.577872
0.754000 0.580432
0.756000 0.586250
0.758000 0.591488
0.760000 0.592862
0.762000 0.596113
0.764000 0.598473
0.766000 0.600753
0.768000 0.603242
0.770000 0.614173
0.772000 0.617796
0.774000 0.623164
0.776000 0.620021
0.778000 0.619596
0.780000 0.619800
0.782000 0.626537
0.784000 0.626571
0.786000 0.626042
0.788000 0.626850
0.790000 0.628203
0.792000 0.626297
0.794000 0.630382
0.796000 0.627076
0.798000 0.627511
0.800000 0.631856
0.802000 0.631232
0.804000 0.631609
0.806000 0.632812
0.808000 0.637923
0.810000 0.644563
0.812000 0.643811
0.814000 0.651772
0.816000 0.653256
0.818000 0.653409
0.820000 0.651667
0.822000 0.650573
0.824000 0.651776
0.826000 0.650717
0.828000 0.652731
0.830000 0.658285
0.832000 0.667464
0.834000 0.673137
0.836000 0.675155
0.838000 0.680155
0.840000 0.695017
0.842000 0.695289
0.844000 0.692403
0.846000 0.688924
0.848000 0.685445
0.850000 0.685308
0.852000 0.684412
0.854000 0.682749
0.856000 0.683216
0.858000 0.689581
0.860000 0.701518
0.862000 0.709698
0.864000 0.716614
0.866000 0.719050
0.868000 0.718357
0.870000 0.718041
0.872000 0.719560
0.874000 0.725550
0.876000 0.722485
0.878000 0.720896
0.880000 0.721771
0.882000 0.722806
0.884000 0.728162
0.886000 0.731125
0.888000 0.733688
0.890000 0.736641
0.892000 0.741254
0.894000 0.746607
0.896000 0.757140
0.898000 0.759221
0.900000 0.756745
0.902000 0.762129
0.904000 0.763275
0.906000 0.765713
0.908000 0.758748
0.910000 0.754465
0.912000 0.759120
0.914000 0.763026
0.916000 0.765730
0.918000 0.763944
0.920000 0.768364
0.922000 0.772770
0.924000 0.782005
0.926000 0.780339
0.928000 0.784732
0.930000 0.786662
0.932000 0.789218
0.934000 0.786820
0.936000 0.786348
0.938000 0.788215
0.940000 0.789735
0.942000 0.792883
0.944000 0.798008
0.946000 0.802577
0.948000 0.807153
0.950000 0.802078
0.952000 0.799135
0.954000 0.795243
0.956000 0.795217
0.958000 0.802927
0.960000 0.802399
0.962000 0.799659
0.964000 0.800289
0.966000 0.809037
0.968000 0.818148
0.970000 0.817782
0.972000 0.824560
0.974000 0.833113
0.976000 0.838424
0.978000 0.837983
0.980000 0.831947
0.982000 0.833029
0.984000 0.838201
0.986000 0.835789
0.988000 0.834489
0.990000 0.840754
0.992000 0.839859
0.994000 0.843043
0.996000 0.844469
0.998000 0.845046
1.000000 0.846760
1.002000 0.848122
1.004000 0.850935
1.006000 0.850608
1.008000 0.852073
1.010000 0.861841
1.012000 0.869934
1.014000 0.869784
1.016000 0.871701
1.018000 0.882947
1.020000 0.882720
1.022000 0.887372
1.024000 0.889976
1.026000 0.890062
1.028000 0.893029
1.030000 0.892205
1.032000 0.898970
1.034000 0.898028
1.036000 0.895142
1.038000 0.894777
1.040000 0.892205
1.042000 0.888445
1.044000 0.889405
1.046000 0.893462
1.048000 0.900527
1.050000 0.913178
1.052000 0.914170
1.054000 0.922641
1.056000 0.928663
1.058000 0.926987
1.060000 0.925228
1.062000 0.926348
1.064000 0.922550
1.066000 0.923771
1.068000 0.919500
1.070000 0.920962
1.072000 0.922980
1.074000 0.921184
1.076000 0.921801
1.078000 0.930790
1.080000 0.936577
1.082000 0.939886
1.084000 0.940029
1.086000 0.940278
1.088000 0.941793
1.090000 0.951787
1.092000 0.952206
1.094000 0.957807
1.096000 0.963684
1.098000 0.971051
1.100000 0.967632
1.102000 0.961453
1.104000 0.954929
1.106000 0.954131
1.108000 0.954631
1.110000 0.953484
1.112000 0.956377
1.114000 0.968311
1.116000 0.965960
1.118000 0.966349
1.120000 0.971171
1.122000 0.978441
1.124000 0.979146
1.126000 0.982344
1.128000 0.991743
1.130000 0.997714
1.132000 0.999766
1.134000 1.001749
1.136000 1.001048
1.138000 1.009225
1.140000 1.014132
1.142000 1.013281
1.144000 1.016524
1.146000 1.020327
1.148000 1.014829
1.150000 1.009003
1.152000 1.012088
1.154000 1.011684
1.156000 1.012067
1.158000 1.007886
1.160000 1.018358
1.162000 1.024879
1.164000 1.026555
1.166000 1.037722
1.168000 1.053186
1.170000 1.050106
1.172000 1.052695
1.174000 1.066602
1.176000 1.061338
1.178000 1.055280
1.180000 1.048425
1.182000 1.050380
1.184000 1.051740
1.186000 1.047590
1.188000 1.042678
1.190000 1.047126
1.192000 1.050878
1.194000 1.054765
1.196000 1.054206
1.198000 1.056107
1.200000 1.062536
1.202000 1.067477
1.204000 1.073010
1.206000 1.073880
1.208000 1.079981
1.210000 1.083396
1.212000 1.084999
1.214000 1.088443
1.216000 1.091103
1.218000 1.089195
1.220000 1.098891
1.222000 1.103207
1.224000 1.106823
1.226000 1.107434
1.228000 1.108302
1.230000 1.108581
1.232000 1.103138
1.234000 1.106419
1.236000 1.105207
1.238000 1.107012
1.240000 1.111430
1.242000 1.113625
1.244000 1.113762
1.246000 1.115639
1.248000 1.120863
1.250000 1.125364
1.252000 1.124670
1.254000 1.125171
1.256000 1.133850
1.258000 1.141484
1.260000 1.140215
1.262000 1.146009
1.264000 1.146474
1.266000 1.146732
1.268000 1.139377
1.270000 1.144290
1.272000 1.147569
1.274000 1.146834
1.276000 1.148797
1.278000 1.153865
1.280000 1.152679
1.282000 1.154974
1.284000 1.164639
1.286000 1.162050
1.288000 1.162733
1.290000 1.163389
1.292000 1.160356
1.294000 1.167921
1.296000 1.182094
1.298000 1.178657
1.300000 1.173412
1.302000 1.167499
1.304000 1.164877
1.306000 1.172650
1.308000 1.183350
1.310000 1.184498
1.312000 1.185096
1.314000 1.191912
1.316000 1.192220
1.318000 1.189149
1.320000 1.200362
1.322000 1.204809
1.324000 1.206672
1.326000 1.210865
1.328000 1.211765
1.330000 1.208836
1.332000 1.214794
1.334000 1.217465
1.336000 1.216400
1.338000 1.209483
1.340000 1.214159
1.342000 1.220517
1.344000 1.216844
1.346000 1.221962
1.348000 1.228663
1.350000 1.231540
1.352000 1.234909
1.354000 1.237003
1.356000 1.243466
1.358000 1.239249
1.360000 1.243076
1.362000 1.244318
1.364000 1.238167
1.366000 1.242481
1.368000 1.248978
1.370000 1.249041
1.372000 1.253893
1.374000 1.254564
1.376000 1.255678
1.378000 1.263386
1.380000 1.267514
1.382000 1.264376
1.384000 1.274462
1.386000 1.277843
1.388000 1.276616
1.390000 1.276334
1.392000 1.277217
1.394000 1.281195
1.396000 1.278464
1.398000 1.268792
1.400000 1.263487
1.402000 1.273707
1.404000 1.291663
1.406000 1.296057
1.408000 1.299041
1.410000 1.303318
1.412000 1.308581
1.414000 1.306730
1.416000 1.304988
1.418000 1.306800
1.420000 1.305257
1.422000 1.301114
1.424000 1.301095
1.426000 1.304195
1.428000 1.298179
1.430000 1.299658
1.432000 1.301224
1.434000 1.303393
1.436000 1.308794
1.438000 1.316973
1.440000 1.337214
1.442000 1.343901
1.444000 1.344049
1.446000 1.342644
1.448000 1.339025
1.450000 1.332905
1.452000 1.325482
1.454000 1.333497
1.456000 1.334859
1.458000 1.337563
1.460000 1.344770
1.462000 1.352339
1.464000 1.357978
1.466000 1.357179
1.468000 1.356234
1.470000 1.362292
1.472000 1.361196
1.474000 1.366154
1.476000 1.367373
1.478000 1.362917
1.480000 1.361860
1.482000 1.366687
1.484000 1.369582
1.486000 1.374417
1.488000 1.378752
1.490000 1.379063
1.492000 1.383326
1.494000 1.374357
1.496000 1.376197
1.498000 1.384817
1.500000 1.389950
1.502000 1.387993
1.504000 1.397290
1.506000 1.405368
1.508000 1.404829
1.510000 1.401165
1.512000 1.397268
1.514000 1.404827
1.516000 1.404949
1.518000 1.398724
1.520000 1.400520
1.522000 1.408424
1.524000 1.411931
1.526000 1.409847
1.528000 1.406514
1.530000 1.408829
1.532000 1.420284
1.534000 1.432635
1.536000 1.434329
1.538000 1.435724
1.540000 1.428822
1.542000 1.426908
1.544000 1.430010
1.546000 1.428559
1.548000 1.437327
1.550000 1.441261
1.552000 1.449349
1.554000 1.456762
1.556000 1.460950
1.558000 1.460881
1.560000 1.455990
1.562000 1.459790
1.564000 1.457457
1.566000 1.455776
1.568000 1.461570
1.570000 1.463384
1.572000 1.455648
1.574000 1.457756
1.576000 1.459031
1.578000 1.463356
1.580000 1.464510
1.582000 1.471835
1.584000 1.474770
1.586000 1.482187
1.588000 1.483887
1.590000 1.481915
1.592000 1.492154
1.594000 1.491256
1.596000 1.493735
1.598000 1.485237
1.600000 1.483093
1.602000 1.486268
1.604000 1.490658
1.606000 1.492704
1.608000 1.497531
1.610000 1.495337
1.612000 1.499937
1.614000 1.510349
1.616000 1.517254
1.618000 1.519704
1.620000 1.527354
1.622000 1.529129
1.624000 1.528126
1.626000 1.523435
1.628000 1.521555
1.630000 1.520419
1.632000 1.526665
1.634000 1.530583
1.636000 1.526530
1.638000 1.534362
1.640000 1.532968
1.642000 1.534185
1.644000 1.538709
1.646000 1.547672
1.648000 1.550534
1.650000 1.548881
1.652000 1.550483
1.654000 1.547933
1.656000 1.550201
1.658000 1.552271
1.660000 1.561784
1.662000 1.560096
1.664000 1.559631
1.666000 1.560426
1.668000 1.559342
1.670000 1.558570
1.672000 1.559413
1.674000 1.567139
1.676000 1.575819
1.678000 1.577036
1.680000 1.576034
1.682000 1.574734
1.684000 1.576063
1.686000 1.576671
1.688000 1.584410
1.690000 1.586894
1.692000 1.587612
1.694000 1.590392
1.696000 1.586996
1.698000 1.586696
1.700000 1.592779
1.702000 1.602536
1.704000 1.599862
1.706000 1.608026
1.708000 1.607445
1.710000 1.606420
1.712000 1.604678
1.714000 1.601054
1.716000 1.611511
1.718000 1.615602
1.720000 1.616134
1.722000 1.629419
1.724000 1.636299
1.726000 1.637360
1.728000 1.638049
1.730000 1.634105
1.732000 1.632642
1.734000 1.637970
1.736000 1.636399
1.738000 1.628668
1.740000 1.632120
1.742000 1.635463
1.744000 1.634803
1.746000 1.640942
1.748000 1.640119
1.750000 1.645177
1.752000 1.651499
1.754000 1.650500
1.756000 1.664863
1.758000 1.672843
1.760000 1.671095
1.762000 1.668392
1.764000 1.666732
1.766000 1.667644
1.768000 1.670677
1.770000 1.671055
1.772000 1.671279
1.774000 1.675619
1.776000 1.681705
1.778000 1.687795
1.780000 1.682496
1.782000 1.687475
1.784000 1.691156
1.786000 1.690237
1.788000 1.684555
1.790000 1.687425
1.792000 1.684593
1.794000 1.691332
1.796000 1.695740
1.798000 1.704889
1.800000 1.704307
1.802000 1.697596
1.804000 1.704844
1.806000 1.713937
1.808000 1.715072
1.810000 1.720078
1.812000 1.729066
1.814000 1.726596
1.816000 1.728201
1.818000 1.718736
1.820000 1.713252
1.822000 1.723693
1.824000 1.726893
1.826000 1.732851
1.828000 1.736342
1.830000 1.734688
1.832000 1.733505
1.834000 1.739124
1.836000 1.734582
1.838000 1.738103
1.840000 1.738862
1.842000 1.741393
1.844000 1.739104
1.846000 1.747867
1.848000 1.757845
1.850000 1.768485
1.852000 1.770760
1.854000 1.763795
1.856000 1.757281
1.858000 1.758167
1.860000 1.758773
1.862000 1.761131
1.864000 1.768627
1.866000 1.774101
1.868000 1.774625
1.870000 1.790811
1.872000 1.791188
1.874000 1.792826
1.876000 1.788928
1.878000 1.779866
1.880000 1.777663
1.882000 1.787992
1.884000 1.793311
1.886000 1.802544
1.888000 1.800647
1.890000 1.796763
1.892000 1.792654
1.894000 1.798062
1.896000 1.800415
1.898000 1.797019
1.900000 1.801620
1.902000 1.807011
1.904000 1.811990
1.906000 1.817972
1.908000 1.817906
1.910000 1.824703
1.912000 1.827042
1.914000 1.817541
1.916000 1.815957
1.918000 1.821810
1.920000 1.827027
1.922000 1.822701
1.924000 1.827067
1.926000 1.840566
1.928000 1.842614
1.930000 1.843827
1.932000 1.849269
1.934000 1.835609
1.936000 1.834446
1.938000 1.847888
1.940000 1.849579
1.942000 1.851069
1.944000 1.856957
1.946000 1.865391
1.948000 1.865401
1.950000 1.865664
1.952000 1.873451
1.954000 1.872228
1.956000 1.861445
1.958000 1.854304
1.960000 1.864640
1.962000 1.870947
1.964000 1.876891
1.966000 1.875318
1.968000 1.875852
1.970000 1.874935
1.972000 1.877805
1.974000 1.882478
1.976000 1.888039
1.978000 1.890714
1.980000 1.892342
1.982000 1.885846
1.984000 1.886941
1.986000 1.893022
1.988000 1.899924
1.990000 1.901875
1.992000 1.905560
1.994000 1.904858
1.996000 1.901309
1.998000 1.910336
