0.000000 -0.000118
0.002000 -0.008980
0.004000 -0.008803
0.006000 -0.004043
0.008000 0.000963
0.010000 0.005059
0.012000 0.006794
0.014000 0.008815
0.016000 0.010922
0.018000 0.010758
0.020000 0.015983
0.022000 0.018765
0.024000 0.020437
0.026000 0.021849
0.028000 0.023542
0.030000 0.027836
0.032000 0.026738
0.034000 0.026483
0.036000 0.027958
0.038000 0.029432
0.040000 0.030908
0.042000 0.031782
0.044000 0.030942
0.046000 0.035837
0.048000 0.039168
0.050000 0.041633
0.052000 0.042474
0.054000 0.043428
0.056000 0.044453
0.058000 0.044359
0.060000 0.045863
0.062000 0.047242
0.064000 0.048618
0.066000 0.050055
0.068000 0.053272
0.070000 0.056334
0.072000 0.058165
0.074000 0.058767
0.076000 0.059492
0.078000 0.060321
0.080000 0.061756
0.082000 0.065800
0.084000 0.066566
0.086000 0.067041
0.088000 0.067658
0.090000 0.068383
0.092000 0.069203
0.094000 0.070128
0.096000 0.074431
0.098000 0.074840
0.100000 0.075417
0.102000 0.076101
0.104000 0.076873
0.106000 0.077729
0.108000 0.078649
0.110000 0.079610
0.112000 0.080608
0.114000 0.081644
0.116000 0.082709
0.118000 0.083803
0.120000 0.084917
0.122000 0.088908
0.124000 0.089791
0.126000 0.090446
0.128000 0.091203
0.130000 0.092038
0.132000 0.095054
0.134000 0.097223
0.136000 0.101825
0.138000 0.102128
0.140000 0.102024
0.142000 0.102148
0.144000 0.102461
0.146000 0.102932
0.148000 0.106146
0.150000 0.107107
0.152000 0.108364
0.154000 0.110817
0.156000 0.110836
0.158000 0.111071
0.160000 0.113254
0.162000 0.115446
0.164000 0.119828
0.166000 0.122551
0.168000 0.124314
0.170000 0.123961
0.172000 0.123207
0.174000 0.122819
0.176000 0.125159
0.178000 0.125733
0.180000 0.125503
0.182000 0.125517
0.184000 0.125731
0.186000 0.126095
0.188000 0.126592
0.190000 0.127190
0.192000 0.128653
0.194000 0.132426
0.196000 0.133067
0.198000 0.135064
0.200000 0.135642
0.202000 0.135701
0.204000 0.135943
0.206000 0.136323
0.208000 0.137222
0.210000 0.139910
0.212000 0.140117
0.214000 0.140473
0.216000 0.140949
0.218000 0.141524
0.220000 0.142199
0.222000 0.143490
0.224000 0.148516
0.226000 0.148440
0.228000 0.150085
0.230000 0.151990
0.232000 0.151864
0.234000 0.151957
0.236000 0.152238
0.238000 0.156592
0.240000 0.161987
0.242000 0.160954
0.244000 0.160331
0.246000 0.163017
0.248000 0.162733
0.250000 0.162778
0.252000 0.167208
0.254000 0.167812
0.256000 0.167050
0.258000 0.169906
0.260000 0.170304
0.262000 0.174179
0.264000 0.175134
0.266000 0.173898
0.268000 0.173069
0.270000 0.172571
0.272000 0.172367
0.274000 0.172892
0.276000 0.175528
0.278000 0.175356
0.280000 0.175420
0.282000 0.175673
0.284000 0.179625
0.286000 0.182615
0.288000 0.182056
0.290000 0.182166
0.292000 0.184363
0.294000 0.184037
0.296000 0.185808
0.298000 0.186235
0.300000 0.186083
0.302000 0.186147
0.304000 0.186382
0.306000 0.186759
0.308000 0.189130
0.310000 0.191187
0.312000 0.194934
0.314000 0.194439
0.316000 0.195252
0.318000 0.199694
0.320000 0.205021
0.322000 0.206051
0.324000 0.206223
0.326000 0.205876
0.328000 0.206379
0.330000 0.205234
0.332000 0.204441
0.334000 0.204150
0.336000 0.206791
0.338000 0.206206
0.340000 0.205924
0.342000 0.205883
0.344000 0.208742
0.346000 0.209225
0.348000 0.209467
0.350000 0.213116
0.352000 0.217847
0.354000 0.218692
0.356000 0.220856
0.358000 0.225885
0.360000 0.224063
0.362000 0.222430
0.364000 0.222409
0.366000 0.223500
0.368000 0.222531
0.370000 0.223814
0.372000 0.228985
0.374000 0.235961
0.376000 0.233571
0.378000 0.231546
0.380000 0.233832
0.382000 0.235004
0.384000 0.236124
0.386000 0.236197
0.388000 0.238783
0.390000 0.240922
0.392000 0.240805
0.394000 0.239857
0.396000 0.241337
0.398000 0.241603
0.400000 0.243078
0.402000 0.246904
0.404000 0.248945
0.406000 0.246246
0.408000 0.244222
0.410000 0.242745
0.412000 0.241700
0.414000 0.241028
0.416000 0.240659
0.418000 0.242088
0.420000 0.243555
0.422000 0.246004
0.424000 0.247077
0.426000 0.252813
0.428000 0.260986
0.430000 0.258657
0.432000 0.260151
0.434000 0.259838
0.436000 0.258948
0.438000 0.257690
0.440000 0.255932
0.442000 0.254623
0.444000 0.253666
0.446000 0.256257
0.448000 0.256930
0.450000 0.261544
0.452000 0.264597
0.454000 0.262913
0.456000 0.263670
0.458000 0.263885
0.460000 0.263632
0.462000 0.262167
0.464000 0.261107
0.466000 0.260337
0.468000 0.262122
0.470000 0.262095
0.472000 0.262890
0.474000 0.265907
0.476000 0.265054
0.478000 0.267258
0.480000 0.269546
0.482000 0.269125
0.484000 0.269126
0.486000 0.270189
0.488000 0.270631
0.490000 0.271604
0.492000 0.273207
0.494000 0.274644
0.496000 0.275563
0.498000 0.281825
0.500000 0.285681
0.502000 0.285867
0.504000 0.287211
0.506000 0.285222
0.508000 0.282147
0.510000 0.279768
0.512000 0.277941
0.514000 0.276568
0.516000 0.275884
0.518000 0.275184
0.520000 0.280812
0.522000 0.280836
0.524000 0.284292
0.526000 0.283189
0.528000 0.287496
0.530000 0.292622
0.532000 0.293921
0.534000 0.293591
0.536000 0.297661
0.538000 0.301024
0.540000 0.302248
0.542000 0.303095
0.544000 0.301758
0.546000 0.304836
0.548000 0.301469
0.550000 0.299372
0.552000 0.299158
0.554000 0.295566
0.556000 0.292763
0.558000 0.292449
0.560000 0.292125
0.562000 0.292860
0.564000 0.290854
0.566000 0.289326
0.568000 0.288182
0.570000 0.289862
0.572000 0.293766
0.574000 0.296130
0.576000 0.294126
0.578000 0.299330
0.580000 0.299541
0.582000 0.296807
0.584000 0.294658
0.586000 0.292958
0.588000 0.291603
0.590000 0.292675
0.592000 0.292306
0.594000 0.292346
0.596000 0.294446
0.598000 0.292844
0.600000 0.291612
0.602000 0.292875
0.604000 0.298031
0.606000 0.302187
0.608000 0.301239
0.610000 0.300013
0.612000 0.301706
0.614000 0.304386
0.616000 0.306806
0.618000 0.308119
0.620000 0.304913
0.622000 0.305077
0.624000 0.301917
0.626000 0.299419
0.628000 0.297442
0.630000 0.295918
0.632000 0.295971
0.634000 0.296741
0.636000 0.298609
0.638000 0.301166
0.640000 0.302030
0.642000 0.300176
0.644000 0.300990
0.646000 0.300119
0.648000 0.301444
0.650000 0.306636
0.652000 0.305527
0.654000 0.303669
0.656000 0.302251
0.658000 0.301200
0.660000 0.303375
0.662000 0.308900
0.664000 0.306986
0.666000 0.309124
0.668000 0.309783
0.670000 0.307937
0.672000 0.308247
0.674000 0.309120
0.676000 0.310043
0.678000 0.309362
0.680000 0.310636
0.682000 0.312166
0.684000 0.311856
0.686000 0.310506
0.688000 0.309261
0.690000 0.308310
0.692000 0.307584
0.694000 0.309440
0.696000 0.312000
0.698000 0.315568
0.700000 0.318285
0.702000 0.320075
0.704000 0.323036
0.706000 0.327762
0.708000 0.324589
0.710000 0.320894
0.712000 0.323529
0.714000 0.323415
0.716000 0.323059
0.718000 0.319720
0.720000 0.317057
0.722000 0.317541
0.724000 0.319917
0.726000 0.320025
0.728000 0.319694
0.730000 0.323837
0.732000 0.323531
0.734000 0.320458
0.736000 0.321404
0.738000 0.321525
0.740000 0.327893
0.742000 0.326841
0.744000 0.324146
0.746000 0.321164
0.748000 0.318769
0.750000 0.318613
0.752000 0.319451
0.754000 0.324763
0.756000 0.321819
0.758000 0.320018
0.760000 0.322564
0.762000 0.321202
0.764000 0.320492
0.766000 0.320182
0.768000 0.320400
0.770000 0.319466
0.772000 0.317623
0.774000 0.320540
0.776000 0.321608
0.778000 0.323193
0.780000 0.323023
0.782000 0.323827
0.784000 0.320980
0.786000 0.320027
0.788000 0.322576
0.790000 0.321241
0.792000 0.322864
0.794000 0.323001
0.796000 0.322783
0.798000 0.323069
0.800000 0.324709
0.802000 0.322519
0.804000 0.320546
0.806000 0.318952
0.808000 0.317985
0.810000 0.321391
0.812000 0.329882
0.814000 0.331029
0.816000 0.328531
0.818000 0.327688
0.820000 0.325335
0.822000 0.323411
0.824000 0.324833
0.826000 0.323750
0.828000 0.325191
0.830000 0.324159
0.832000 0.322344
0.834000 0.323895
0.836000 0.323467
0.838000 0.326146
0.840000 0.329692
0.842000 0.331646
0.844000 0.334225
0.846000 0.339104
0.848000 0.337432
0.850000 0.335273
0.852000 0.335615
0.854000 0.337160
0.856000 0.337232
0.858000 0.333028
0.860000 0.335293
0.862000 0.331506
0.864000 0.331289
0.866000 0.330042
0.868000 0.330239
0.870000 0.328192
0.872000 0.330802
0.874000 0.332576
0.876000 0.334445
0.878000 0.332639
0.880000 0.330620
0.882000 0.330897
0.884000 0.328790
0.886000 0.327739
0.888000 0.331207
0.890000 0.329428
0.892000 0.329740
0.894000 0.330411
0.896000 0.333480
0.898000 0.333120
0.900000 0.333961
0.902000 0.334820
0.904000 0.338258
0.906000 0.342792
0.908000 0.346249
0.910000 0.342542
0.912000 0.341097
0.914000 0.342349
0.916000 0.341996
0.918000 0.346169
0.920000 0.342955
0.922000 0.344964
0.924000 0.351518
0.926000 0.355410
0.928000 0.361411
0.930000 0.369986
0.932000 0.368650
0.934000 0.366563
0.936000 0.362858
0.938000 0.364493
0.940000 0.361230
0.942000 0.362526
0.944000 0.370475
0.946000 0.373543
0.948000 0.369775
0.950000 0.373951
0.952000 0.377587
0.954000 0.384101
0.956000 0.379917
0.958000 0.378254
0.960000 0.380466
0.962000 0.386942
0.964000 0.382757
0.966000 0.382025
0.968000 0.380825
0.970000 0.384438
0.972000 0.387435
0.974000 0.389471
0.976000 0.388383
0.978000 0.391585
0.980000 0.396002
0.982000 0.395300
0.984000 0.392211
0.986000 0.391414
0.988000 0.389649
0.990000 0.396011
0.992000 0.392840
0.994000 0.385936
0.996000 0.388029
0.998000 0.389985
1.000000 0.389390
1.002000 0.391237
1.004000 0.396865
1.006000 0.396371
1.008000 0.402227
1.010000 0.401778
1.012000 0.397885
1.014000 0.397708
1.016000 0.397417
1.018000 0.393019
1.020000 0.387490
1.022000 0.390584
1.024000 0.391298
1.026000 0.394564
1.028000 0.397595
1.030000 0.396844
1.032000 0.405650
1.034000 0.414837
1.036000 0.419961
1.038000 0.417547
1.040000 0.419731
1.042000 0.413953
1.044000 0.415650
1.046000 0.416772
1.048000 0.414340
1.050000 0.415095
1.052000 0.408388
1.054000 0.419234
1.056000 0.416973
1.058000 0.417602
1.060000 0.422243
1.062000 0.427437
1.064000 0.426730
1.066000 0.421434
1.068000 0.422930
1.070000 0.424802
1.072000 0.419594
1.074000 0.413798
1.076000 0.423345
1.078000 0.424831
1.080000 0.421297
1.082000 0.424871
1.084000 0.434884
1.086000 0.447993
1.088000 0.448281
1.090000 0.447838
1.092000 0.447287
1.094000 0.449245
1.096000 0.446836
1.098000 0.447318
1.100000 0.446362
1.102000 0.449191
1.104000 0.453144
1.106000 0.458618
1.108000 0.462505
1.110000 0.460524
1.112000 0.464821
1.114000 0.472287
1.116000 0.476186
1.118000 0.478446
1.120000 0.476201
1.122000 0.479596
1.124000 0.484004
1.126000 0.480613
1.128000 0.480688
1.130000 0.480682
1.132000 0.483171
1.134000 0.477841
1.136000 0.479578
1.138000 0.482995
1.140000 0.486426
1.142000 0.485277
1.144000 0.479549
1.146000 0.472398
1.148000 0.469612
1.150000 0.470853
1.152000 0.474218
1.154000 0.484054
1.156000 0.495087
1.158000 0.498673
1.160000 0.493504
1.162000 0.491293
1.164000 0.489155
1.166000 0.486054
1.168000 0.483920
1.170000 0.479326
1.172000 0.486005
1.174000 0.487311
1.176000 0.486824
1.178000 0.490234
1.180000 0.495413
1.182000 0.499389
1.184000 0.511709
1.186000 0.502591
1.188000 0.497211
1.190000 0.494969
1.192000 0.504345
1.194000 0.513690
1.196000 0.522331
1.198000 0.526096
1.200000 0.519483
1.202000 0.526977
1.204000 0.532578
1.206000 0.523275
1.208000 0.520100
1.210000 0.525900
1.212000 0.522766
1.214000 0.513312
1.216000 0.507964
1.218000 0.520630
1.220000 0.515553
1.222000 0.514601
1.224000 0.520800
1.226000 0.522252
1.228000 0.532089
1.230000 0.536054
1.232000 0.535167
1.234000 0.541401
1.236000 0.546361
1.238000 0.544866
1.240000 0.546288
1.242000 0.541496
1.244000 0.546059
1.246000 0.555024
1.248000 0.560822
1.250000 0.569751
1.252000 0.571743
1.254000 0.578818
1.256000 0.577063
1.258000 0.572551
1.260000 0.574210
1.262000 0.569029
1.264000 0.576898
1.266000 0.584285
1.268000 0.583177
1.270000 0.575344
1.272000 0.577933
1.274000 0.582280
1.276000 0.583219
1.278000 0.590449
1.280000 0.605497
1.282000 0.606777
1.284000 0.614797
1.286000 0.606119
1.288000 0.616858
1.290000 0.617250
1.292000 0.611883
1.294000 0.616747
1.296000 0.618624
1.298000 0.621802
1.300000 0.630727
1.302000 0.628678
1.304000 0.623174
1.306000 0.621374
1.308000 0.618816
1.310000 0.625842
1.312000 0.620874
1.314000 0.622679
1.316000 0.625564
1.318000 0.627505
1.320000 0.630951
1.322000 0.641899
1.324000 0.646104
1.326000 0.644403
1.328000 0.659505
1.330000 0.649647
1.332000 0.640635
1.334000 0.629524
1.336000 0.634857
1.338000 0.636581
1.340000 0.643367
1.342000 0.638005
1.344000 0.644474
1.346000 0.649972
1.348000 0.655133
1.350000 0.665564
1.352000 0.674255
1.354000 0.685469
1.356000 0.691996
1.358000 0.687248
1.360000 0.681188
1.362000 0.684363
1.364000 0.683459
1.366000 0.675605
1.368000 0.676699
1.370000 0.687732
1.372000 0.691137
1.374000 0.696843
1.376000 0.699936
1.378000 0.693042
1.380000 0.692829
1.382000 0.691128
1.384000 0.680770
1.386000 0.690079
1.388000 0.693327
1.390000 0.687275
1.392000 0.686397
1.394000 0.697032
1.396000 0.700419
1.398000 0.695815
1.400000 0.695488
1.402000 0.710915
1.404000 0.721078
1.406000 0.725982
1.408000 0.727081
1.410000 0.734710
1.412000 0.745222
1.414000 0.741362
1.416000 0.741491
1.418000 0.748072
1.420000 0.752807
1.422000 0.755248
1.424000 0.749601
1.426000 0.746030
1.428000 0.746920
1.430000 0.751462
1.432000 0.750475
1.434000 0.751098
1.436000 0.758991
1.438000 0.767667
1.440000 0.766927
1.442000 0.758551
1.444000 0.750712
1.446000 0.757849
1.448000 0.767341
1.450000 0.761997
1.452000 0.757498
1.454000 0.758611
1.456000 0.763436
1.458000 0.762356
1.460000 0.751282
1.462000 0.752417
1.464000 0.762671
1.466000 0.772953
1.468000 0.784002
1.470000 0.789230
1.472000 0.802853
1.474000 0.811892
1.476000 0.809519
1.478000 0.804717
1.480000 0.797767
1.482000 0.798646
1.484000 0.805467
1.486000 0.812392
1.488000 0.815695
1.490000 0.818955
1.492000 0.831956
1.494000 0.843620
1.496000 0.843556
1.498000 0.839842
1.500000 0.840273
1.502000 0.842899
1.504000 0.849187
1.506000 0.873698
1.508000 0.871197
1.510000 0.865282
1.512000 0.862942
1.514000 0.870935
1.516000 0.858450
1.518000 0.857705
1.520000 0.862677
1.522000 0.869476
1.524000 0.869891
1.526000 0.877099
1.528000 0.886524
1.530000 0.890009
1.532000 0.899460
1.534000 0.895018
1.536000 0.887151
1.538000 0.884646
1.540000 0.895634
1.542000 0.894953
1.544000 0.900955
1.546000 0.906028
1.548000 0.902346
1.550000 0.909162
1.552000 0.921977
1.554000 0.927345
1.556000 0.923863
1.558000 0.919737
1.560000 0.911124
1.562000 0.915723
1.564000 0.923339
1.566000 0.922606
1.568000 0.919220
1.570000 0.935393
1.572000 0.951421
1.574000 0.950712
1.576000 0.955693
1.578000 0.955310
1.580000 0.944144
1.582000 0.942170
1.584000 0.964345
1.586000 0.976633
1.588000 0.972943
1.590000 0.972286
1.592000 0.972130
1.594000 0.976721
1.596000 0.986451
1.598000 0.999280
1.600000 1.005476
1.602000 1.011682
1.604000 1.010011
1.606000 0.993568
1.608000 0.999969
1.610000 1.003306
1.612000 1.001442
1.614000 1.006161
1.616000 1.001655
1.618000 1.001545
1.620000 1.009277
1.622000 1.026274
1.624000 1.029488
1.626000 1.035714
1.628000 1.037336
1.630000 1.042724
1.632000 1.043714
1.634000 1.038919
1.636000 1.039930
1.638000 1.039774
1.640000 1.038917
1.642000 1.028891
1.644000 1.035296
1.646000 1.040087
1.648000 1.044296
1.650000 1.038767
1.652000 1.050369
1.654000 1.057396
1.656000 1.060091
1.658000 1.064459
1.660000 1.056871
1.662000 1.060847
1.664000 1.062949
1.666000 1.068390
1.668000 1.072536
1.670000 1.089017
1.672000 1.099061
1.674000 1.100314
1.676000 1.094169
1.678000 1.100584
1.680000 1.091733
1.682000 1.090559
1.684000 1.105972
1.686000 1.107788
1.688000 1.115769
1.690000 1.106565
1.692000 1.106495
1.694000 1.106526
1.696000 1.114841
1.698000 1.114008
1.700000 1.129485
1.702000 1.128257
1.704000 1.142442
1.706000 1.138190
1.708000 1.141350
1.710000 1.140511
1.712000 1.136640
1.714000 1.136561
1.716000 1.133979
1.718000 1.139666
1.720000 1.145828
1.722000 1.136545
1.724000 1.139545
1.726000 1.144599
1.728000 1.162355
1.730000 1.147851
1.732000 1.144478
1.734000 1.144729
1.736000 1.154361
1.738000 1.171075
1.740000 1.182548
1.742000 1.186014
1.744000 1.198148
1.746000 1.188663
1.748000 1.181183
1.750000 1.196475
1.752000 1.194268
1.754000 1.200605
1.756000 1.201018
1.758000 1.189842
1.760000 1.179325
1.762000 1.171894
1.764000 1.192168
1.766000 1.200101
1.768000 1.193980
1.770000 1.214284
1.772000 1.207635
1.774000 1.193128
1.776000 1.196078
1.778000 1.206421
1.780000 1.226672
1.782000 1.223924
1.784000 1.227137
1.786000 1.225474
1.788000 1.221993
1.790000 1.218110
1.792000 1.220588
1.794000 1.223747
1.796000 1.214784
1.798000 1.213175
1.800000 1.215499
1.802000 1.232948
1.804000 1.241631
1.806000 1.259074
1.808000 1.269324
1.810000 1.260683
1.812000 1.263736
1.814000 1.269178
1.816000 1.262839
1.818000 1.254586
1.820000 1.273225
1.822000 1.291059
1.824000 1.301117
1.826000 1.294913
1.828000 1.301863
1.830000 1.295641
1.832000 1.283156
1.834000 1.272326
1.836000 1.269342
1.838000 1.267506
1.840000 1.270595
1.842000 1.276541
1.844000 1.298331
1.846000 1.294311
1.848000 1.300270
1.850000 1.294297
1.852000 1.285550
1.854000 1.281303
1.856000 1.288309
1.858000 1.297669
1.860000 1.296204
1.862000 1.305829
1.864000 1.314016
1.866000 1.326463
1.868000 1.337350
1.870000 1.346003
1.872000 1.328805
1.874000 1.344992
1.876000 1.363710
1.878000 1.360140
1.880000 1.344899
1.882000 1.341447
1.884000 1.361812
1.886000 1.362837
1.888000 1.365252
1.890000 1.350779
1.892000 1.341780
1.894000 1.339442
1.896000 1.330650
1.898000 1.338834
1.900000 1.358547
1.902000 1.379203
1.904000 1.360535
1.906000 1.362135
1.908000 1.372145
1.910000 1.386557
1.912000 1.371167
1.914000 1.387798
1.916000 1.391563
1.918000 1.394121
1.920000 1.379940
1.922000 1.355280
1.924000 1.354007
1.926000 1.369757
1.928000 1.394949
1.930000 1.378509
1.932000 1.403260
1.934000 1.411135
1.936000 1.408296
1.938000 1.401437
1.940000 1.408560
1.942000 1.414419
1.944000 1.410989
1.946000 1.416259
1.948000 1.416041
1.950000 1.419284
1.952000 1.432421
1.954000 1.441571
1.956000 1.429467
1.958000 1.420605
1.960000 1.418391
1.962000 1.435324
1.964000 1.431638
1.966000 1.413033
1.968000 1.426550
1.970000 1.445118
1.972000 1.451578
1.974000 1.441325
1.976000 1.446255
1.978000 1.446877
1.980000 1.435360
1.982000 1.444951
1.984000 1.468731
1.986000 1.469572
1.988000 1.466078
1.990000 1.467818
1.992000 1.459040
1.994000 1.466812
1.996000 1.481581
1.998000 1.460900
