0.000000 -0.000059
0.002000 -0.004074
0.004000 -0.003301
0.006000 -0.000529
0.008000 0.003342
0.010000 0.005847
0.012000 0.007677
0.014000 0.009682
0.016000 0.009659
0.018000 0.011121
0.020000 0.013981
0.022000 0.016613
0.024000 0.019568
0.026000 0.023261
0.028000 0.026236
0.030000 0.025919
0.032000 0.027416
0.034000 0.028925
0.036000 0.030436
0.038000 0.031947
0.040000 0.033279
0.042000 0.035013
0.044000 0.037850
0.046000 0.039620
0.048000 0.040927
0.050000 0.042250
0.052000 0.043583
0.054000 0.044924
0.056000 0.044818
0.058000 0.045706
0.060000 0.046949
0.062000 0.048545
0.064000 0.051040
0.066000 0.053817
0.068000 0.056479
0.070000 0.058733
0.072000 0.060415
0.074000 0.061427
0.076000 0.062475
0.078000 0.063551
0.080000 0.065033
0.082000 0.066175
0.084000 0.067283
0.086000 0.068415
0.088000 0.069564
0.090000 0.070723
0.092000 0.071889
0.094000 0.073062
0.096000 0.074241
0.098000 0.075427
0.100000 0.076618
0.102000 0.077818
0.104000 0.079026
0.106000 0.080240
0.108000 0.081749
0.110000 0.084382
0.112000 0.085423
0.114000 0.086482
0.116000 0.087552
0.118000 0.088630
0.120000 0.089951
0.122000 0.092177
0.124000 0.093154
0.126000 0.094163
0.128000 0.096479
0.130000 0.097850
0.132000 0.098761
0.134000 0.099702
0.136000 0.100976
0.138000 0.104646
0.140000 0.105757
0.142000 0.106475
0.144000 0.107358
0.146000 0.109471
0.148000 0.110175
0.150000 0.112675
0.152000 0.114097
0.154000 0.114681
0.156000 0.116084
0.158000 0.117583
0.160000 0.118173
0.162000 0.120020
0.164000 0.120989
0.166000 0.121582
0.168000 0.122752
0.170000 0.126124
0.172000 0.126805
0.174000 0.127271
0.176000 0.127801
0.178000 0.128382
0.180000 0.129013
0.182000 0.129695
0.184000 0.130422
0.186000 0.131887
0.188000 0.133725
0.190000 0.135905
0.192000 0.136520
0.194000 0.138239
0.196000 0.138714
0.198000 0.139795
0.200000 0.141292
0.202000 0.141798
0.204000 0.142369
0.206000 0.142996
0.208000 0.143666
0.210000 0.144368
0.212000 0.146251
0.214000 0.147475
0.216000 0.149406
0.218000 0.152774
0.220000 0.153451
0.222000 0.153791
0.224000 0.154197
0.226000 0.154666
0.228000 0.155196
0.230000 0.155776
0.232000 0.158743
0.234000 0.161304
0.236000 0.162112
0.238000 0.162397
0.240000 0.162756
0.242000 0.163183
0.244000 0.164842
0.246000 0.166881
0.248000 0.172105
0.250000 0.172920
0.252000 0.172790
0.254000 0.173992
0.256000 0.175638
0.258000 0.175992
0.260000 0.177182
0.262000 0.178122
0.264000 0.178039
0.266000 0.178073
0.268000 0.180267
0.270000 0.183288
0.272000 0.183097
0.274000 0.183029
0.276000 0.183076
0.278000 0.183681
0.280000 0.185848
0.282000 0.186572
0.284000 0.187592
0.286000 0.188945
0.288000 0.191098
0.290000 0.191013
0.292000 0.190933
0.294000 0.193008
0.296000 0.193728
0.298000 0.196964
0.300000 0.196818
0.302000 0.198641
0.304000 0.199846
0.306000 0.199543
0.308000 0.199376
0.310000 0.200498
0.312000 0.201843
0.314000 0.203369
0.316000 0.203181
0.318000 0.203251
0.320000 0.204715
0.322000 0.204694
0.324000 0.205806
0.326000 0.206899
0.328000 0.207828
0.330000 0.209338
0.332000 0.209304
0.334000 0.209369
0.336000 0.211992
0.338000 0.214403
0.340000 0.214519
0.342000 0.214416
0.344000 0.214961
0.346000 0.216672
0.348000 0.220116
0.350000 0.221191
0.352000 0.222411
0.354000 0.223824
0.356000 0.224106
0.358000 0.226438
0.360000 0.227873
0.362000 0.228693
0.364000 0.228003
0.366000 0.227465
0.368000 0.227221
0.370000 0.228561
0.372000 0.228219
0.374000 0.229500
0.376000 0.229442
0.378000 0.229640
0.380000 0.230996
0.382000 0.233122
0.384000 0.235021
0.386000 0.234868
0.388000 0.235666
0.390000 0.237948
0.392000 0.239355
0.394000 0.240694
0.396000 0.242999
0.398000 0.245486
0.400000 0.245690
0.402000 0.246275
0.404000 0.246370
0.406000 0.247968
0.408000 0.249811
0.410000 0.252061
0.412000 0.253527
0.414000 0.253875
0.416000 0.255435
0.418000 0.257114
0.420000 0.257437
0.422000 0.257008
0.424000 0.258240
0.426000 0.260304
0.428000 0.259226
0.430000 0.260036
0.432000 0.259841
0.434000 0.260600
0.436000 0.260235
0.438000 0.259076
0.440000 0.258102
0.442000 0.258089
0.444000 0.258349
0.446000 0.257665
0.448000 0.259234
0.450000 0.262223
0.452000 0.262397
0.454000 0.262472
0.456000 0.263410
0.458000 0.263816
0.460000 0.263286
0.462000 0.263206
0.464000 0.264027
0.466000 0.263619
0.468000 0.264003
0.470000 0.265343
0.472000 0.267607
0.474000 0.270209
0.476000 0.273808
0.478000 0.274805
0.480000 0.275372
0.482000 0.277552
0.484000 0.280130
0.486000 0.281962
0.488000 0.281456
0.490000 0.282998
0.492000 0.289054
0.494000 0.291303
0.496000 0.291642
0.498000 0.295619
0.500000 0.296406
0.502000 0.300248
0.504000 0.305515
0.506000 0.308729
0.508000 0.309475
0.510000 0.309146
0.512000 0.308926
0.514000 0.313098
0.516000 0.313734
0.518000 0.317259
0.520000 0.318418
0.522000 0.321012
0.524000 0.323416
0.526000 0.323217
0.528000 0.320957
0.530000 0.318684
0.532000 0.318347
0.534000 0.320617
0.536000 0.321917
0.538000 0.325078
0.540000 0.326738
0.542000 0.328865
0.544000 0.327609
0.546000 0.328019
0.548000 0.331480
0.550000 0.333249
0.552000 0.335930
0.554000 0.335250
0.556000 0.338913
0.558000 0.340614
0.560000 0.341557
0.562000 0.339913
0.564000 0.338849
0.566000 0.346407
0.568000 0.351021
0.570000 0.354009
0.572000 0.354238
0.574000 0.353077
0.576000 0.353109
0.578000 0.355475
0.580000 0.357669
0.582000 0.360244
0.584000 0.362708
0.586000 0.364775
0.588000 0.365424
0.590000 0.362407
0.592000 0.361617
0.594000 0.363658
0.596000 0.378353
0.598000 0.380430
0.600000 0.382803
0.602000 0.387829
0.604000 0.390281
0.606000 0.389298
0.608000 0.390073
0.610000 0.395733
0.612000 0.397832
0.614000 0.398531
0.616000 0.399707
0.618000 0.398760
0.620000 0.401040
0.622000 0.407291
0.624000 0.410368
0.626000 0.408023
0.628000 0.406021
0.630000 0.405777
0.632000 0.409676
0.634000 0.415017
0.636000 0.415311
0.638000 0.416137
0.640000 0.414344
0.642000 0.414464
0.644000 0.421251
0.646000 0.423738
0.648000 0.425230
0.650000 0.423998
0.652000 0.423129
0.654000 0.422105
0.656000 0.421582
0.658000 0.419423
0.660000 0.420528
0.662000 0.423121
0.664000 0.426856
0.666000 0.430403
0.668000 0.435005
0.670000 0.436131
0.672000 0.439212
0.674000 0.442122
0.676000 0.446871
0.678000 0.448444
0.680000 0.449998
0.682000 0.449522
0.684000 0.451000
0.686000 0.456026
0.688000 0.457293
0.690000 0.460236
0.692000 0.462234
0.694000 0.474345
0.696000 0.478517
0.698000 0.478627
0.700000 0.480556
0.702000 0.482035
0.704000 0.485735
0.706000 0.487352
0.708000 0.486771
0.710000 0.492484
0.712000 0.493879
0.714000 0.493597
0.716000 0.495120
0.718000 0.499475
0.720000 0.500052
0.722000 0.502473
0.724000 0.504611
0.726000 0.505521
0.728000 0.507599
0.730000 0.507531
0.732000 0.503747
0.734000 0.505324
0.736000 0.505475
0.738000 0.511256
0.740000 0.516551
0.742000 0.516875
0.744000 0.516366
0.746000 0.517578
0.748000 0.521354
0.750000 0.522427
0.752000 0.524657
0.754000 0.531464
0.756000 0.540592
0.758000 0.543436
0.760000 0.547900
0.762000 0.550791
0.764000 0.555398
0.766000 0.559284
0.768000 0.559458
0.770000 0.563420
0.772000 0.566164
0.774000 0.564169
0.776000 0.565309
0.778000 0.571143
0.780000 0.574748
0.782000 0.578335
0.784000 0.581295
0.786000 0.582242
0.788000 0.578757
0.790000 0.573354
0.792000 0.577143
0.794000 0.586510
0.796000 0.589242
0.798000 0.586953
0.800000 0.588575
0.802000 0.590154
0.804000 0.592332
0.806000 0.591980
0.808000 0.589052
0.810000 0.593792
0.812000 0.598751
0.814000 0.596936
0.816000 0.597939
0.818000 0.596895
0.820000 0.601662
0.822000 0.605933
0.824000 0.612358
0.826000 0.612796
0.828000 0.609547
0.830000 0.615133
0.832000 0.619037
0.834000 0.621640
0.836000 0.621844
0.838000 0.625351
0.840000 0.634038
0.842000 0.645086
0.844000 0.649753
0.846000 0.655240
0.848000 0.658941
0.850000 0.660737
0.852000 0.662707
0.854000 0.663346
0.856000 0.663097
0.858000 0.660143
0.860000 0.659975
0.862000 0.661647
0.864000 0.664043
0.866000 0.665422
0.868000 0.669628
0.870000 0.673552
0.872000 0.676932
0.874000 0.677336
0.876000 0.674842
0.878000 0.670153
0.880000 0.666440
0.882000 0.673051
0.884000 0.676967
0.886000 0.673698
0.888000 0.679808
0.890000 0.692225
0.892000 0.696878
0.894000 0.703238
0.896000 0.702795
0.898000 0.700825
0.900000 0.697907
0.902000 0.696028
0.904000 0.694696
0.906000 0.692197
0.908000 0.698841
0.910000 0.704500
0.912000 0.707882
0.914000 0.714119
0.916000 0.721339
0.918000 0.731305
0.920000 0.730209
0.922000 0.736317
0.924000 0.739029
0.926000 0.741113
0.928000 0.738963
0.930000 0.740806
0.932000 0.740761
0.934000 0.748443
0.936000 0.753101
0.938000 0.756833
0.940000 0.762971
0.942000 0.766448
0.944000 0.767270
0.946000 0.766256
0.948000 0.772544
0.950000 0.775091
0.952000 0.780384
0.954000 0.784743
0.956000 0.780581
0.958000 0.780476
0.960000 0.779869
0.962000 0.781422
0.964000 0.778848
0.966000 0.778647
0.968000 0.780536
0.970000 0.781034
0.972000 0.784568
0.974000 0.791855
0.976000 0.790933
0.978000 0.792464
0.980000 0.793303
0.982000 0.798891
0.984000 0.799693
0.986000 0.800841
0.988000 0.800468
0.990000 0.801595
0.992000 0.801263
0.994000 0.807514
0.996000 0.815992
0.998000 0.819597
1.000000 0.817891
1.002000 0.818153
1.004000 0.819887
1.006000 0.819441
1.008000 0.825298
1.010000 0.826721
1.012000 0.831371
1.014000 0.844550
1.016000 0.851849
1.018000 0.852417
1.020000 0.854787
1.022000 0.862262
1.024000 0.860268
1.026000 0.863211
1.028000 0.870420
1.030000 0.877460
1.032000 0.880784
1.034000 0.882490
1.036000 0.882749
1.038000 0.882436
1.040000 0.882969
1.042000 0.886374
1.044000 0.882774
1.046000 0.880970
1.048000 0.880010
1.050000 0.881008
1.052000 0.880043
1.054000 0.878667
1.056000 0.874425
1.058000 0.879614
1.060000 0.886684
1.062000 0.887992
1.064000 0.894317
1.066000 0.899026
1.068000 0.897328
1.070000 0.904817
1.072000 0.908756
1.074000 0.912061
1.076000 0.915470
1.078000 0.917719
1.080000 0.920153
1.082000 0.923033
1.084000 0.930788
1.086000 0.932447
1.088000 0.937316
1.090000 0.945017
1.092000 0.945125
1.094000 0.944423
1.096000 0.951950
1.098000 0.946623
1.100000 0.940107
1.102000 0.936814
1.104000 0.935289
1.106000 0.941767
1.108000 0.945315
1.110000 0.950235
1.112000 0.951560
1.114000 0.955854
1.116000 0.956320
1.118000 0.951519
1.120000 0.957586
1.122000 0.959415
1.124000 0.963484
1.126000 0.971385
1.128000 0.973502
1.130000 0.975135
1.132000 0.976470
1.134000 0.972509
1.136000 0.971590
1.138000 0.975364
1.140000 0.977293
1.142000 0.985689
1.144000 0.992915
1.146000 0.991800
1.148000 0.995647
1.150000 0.999319
1.152000 1.000497
1.154000 1.009259
1.156000 1.015412
1.158000 1.012364
1.160000 1.017154
1.162000 1.018349
1.164000 1.014007
1.166000 1.009417
1.168000 1.016478
1.170000 1.026347
1.172000 1.019367
1.174000 1.016282
1.176000 1.021358
1.178000 1.019994
1.180000 1.025908
1.182000 1.033766
1.184000 1.038149
1.186000 1.045713
1.188000 1.045753
1.190000 1.045529
1.192000 1.041229
1.194000 1.041720
1.196000 1.046781
1.198000 1.048604
1.200000 1.051958
1.202000 1.051496
1.204000 1.049547
1.206000 1.049180
1.208000 1.048233
1.210000 1.051690
1.212000 1.063163
1.214000 1.062330
1.216000 1.067719
1.218000 1.064447
1.220000 1.066407
1.222000 1.073203
1.224000 1.090490
1.226000 1.098786
1.228000 1.090954
1.230000 1.094154
1.232000 1.102778
1.234000 1.109300
1.236000 1.104845
1.238000 1.103286
1.240000 1.099964
1.242000 1.099278
1.244000 1.099519
1.246000 1.103849
1.248000 1.099862
1.250000 1.103524
1.252000 1.111582
1.254000 1.104883
1.256000 1.109040
1.258000 1.112956
1.260000 1.111982
1.262000 1.115132
1.264000 1.124590
1.266000 1.126662
1.268000 1.125453
1.270000 1.119148
1.272000 1.124021
1.274000 1.126399
1.276000 1.122416
1.278000 1.127981
1.280000 1.136326
1.282000 1.144136
1.284000 1.144086
1.286000 1.143956
1.288000 1.151245
1.290000 1.158529
1.292000 1.162602
1.294000 1.166415
1.296000 1.166976
1.298000 1.169263
1.300000 1.163147
1.302000 1.165157
1.304000 1.166819
1.306000 1.168577
1.308000 1.175483
1.310000 1.177253
1.312000 1.173490
1.314000 1.174049
1.316000 1.180836
1.318000 1.176164
1.320000 1.179096
1.322000 1.181053
1.324000 1.177383
1.326000 1.182328
1.328000 1.186823
1.330000 1.194987
1.332000 1.197313
1.334000 1.209228
1.336000 1.205538
1.338000 1.207761
1.340000 1.217935
1.342000 1.217066
1.344000 1.217241
1.346000 1.221302
1.348000 1.212419
1.350000 1.207788
1.352000 1.214131
1.354000 1.220748
1.356000 1.216094
1.358000 1.219973
1.360000 1.222340
1.362000 1.221693
1.364000 1.230089
1.366000 1.225860
1.368000 1.235968
1.370000 1.244558
1.372000 1.247354
1.374000 1.248991
1.376000 1.242623
1.378000 1.243213
1.380000 1.249362
1.382000 1.246569
1.384000 1.245281
1.386000 1.252048
1.388000 1.250283
1.390000 1.250194
1.392000 1.265291
1.394000 1.271508
1.396000 1.274896
1.398000 1.269430
1.400000 1.268806
1.402000 1.273710
1.404000 1.271285
1.406000 1.266645
1.408000 1.273648
1.410000 1.271160
1.412000 1.275848
1.414000 1.283613
1.416000 1.282429
1.418000 1.289878
1.420000 1.287322
1.422000 1.290733
1.424000 1.294817
1.426000 1.298035
1.428000 1.306881
1.430000 1.304419
1.432000 1.308771
1.434000 1.304552
1.436000 1.299225
1.438000 1.306377
1.440000 1.314822
1.442000 1.315155
1.444000 1.317713
1.446000 1.315448
1.448000 1.319484
1.450000 1.326888
1.452000 1.333679
1.454000 1.335152
1.456000 1.332231
1.458000 1.331024
1.460000 1.336047
1.462000 1.339709
1.464000 1.345952
1.466000 1.353311
1.468000 1.351114
1.470000 1.346871
1.472000 1.345825
1.474000 1.349241
1.476000 1.345674
1.478000 1.340703
1.480000 1.343797
1.482000 1.353996
1.484000 1.357893
1.486000 1.362211
1.488000 1.365556
1.490000 1.367057
1.492000 1.367785
1.494000 1.375683
1.496000 1.384111
1.498000 1.388900
1.500000 1.385816
1.502000 1.380091
1.504000 1.374717
1.506000 1.378384
1.508000 1.381621
1.510000 1.374765
1.512000 1.376516
1.514000 1.377146
1.516000 1.386461
1.518000 1.392753
1.520000 1.400011
1.522000 1.400376
1.524000 1.401438
1.526000 1.403295
1.528000 1.406366
1.530000 1.412106
1.532000 1.418299
1.534000 1.416969
1.536000 1.413589
1.538000 1.408707
1.540000 1.408368
1.542000 1.410230
1.544000 1.406087
1.546000 1.413019
1.548000 1.424182
1.550000 1.428510
1.552000 1.433447
1.554000 1.441606
1.556000 1.437953
1.558000 1.441074
1.560000 1.444188
1.562000 1.451746
1.564000 1.449118
1.566000 1.454007
1.568000 1.454292
1.570000 1.456981
1.572000 1.453460
1.574000 1.453418
1.576000 1.452919
1.578000 1.447032
1.580000 1.444238
1.582000 1.453111
1.584000 1.461044
1.586000 1.463814
1.588000 1.468528
1.590000 1.476269
1.592000 1.482949
1.594000 1.485779
1.596000 1.476082
1.598000 1.469880
1.600000 1.473622
1.602000 1.476967
1.604000 1.483818
1.606000 1.488660
1.608000 1.486652
1.610000 1.485820
1.612000 1.490841
1.614000 1.498306
1.616000 1.501530
1.618000 1.495363
1.620000 1.497783
1.622000 1.497528
1.624000 1.493682
1.626000 1.500437
1.628000 1.508136
1.630000 1.505453
1.632000 1.500530
1.634000 1.501922
1.636000 1.503157
1.638000 1.506450
1.640000 1.504632
1.642000 1.517402
1.644000 1.530222
1.646000 1.531100
1.648000 1.525384
1.650000 1.529532
1.652000 1.528956
1.654000 1.533425
1.656000 1.540231
1.658000 1.540552
1.660000 1.538618
1.662000 1.544720
1.664000 1.545548
1.666000 1.549580
1.668000 1.558453
1.670000 1.561715
1.672000 1.555375
1.674000 1.557921
1.676000 1.565027
1.678000 1.562042
1.680000 1.562191
1.682000 1.572955
1.684000 1.581103
1.686000 1.578333
1.688000 1.571806
1.690000 1.578573
1.692000 1.577314
1.694000 1.575820
1.696000 1.567040
1.698000 1.567484
1.700000 1.569348
1.702000 1.580905
1.704000 1.577626
1.706000 1.582271
1.708000 1.592188
1.710000 1.590804
1.712000 1.592536
1.714000 1.602528
1.716000 1.608080
1.718000 1.615235
1.720000 1.607374
1.722000 1.607941
1.724000 1.608521
1.726000 1.604661
1.728000 1.609019
1.730000 1.607282
1.732000 1.606508
1.734000 1.611585
1.736000 1.618209
1.738000 1.620397
1.740000 1.620195
1.742000 1.627247
1.744000 1.622846
1.746000 1.629600
1.748000 1.640435
1.750000 1.640964
1.752000 1.639866
1.754000 1.638932
1.756000 1.642821
1.758000 1.642847
1.760000 1.630500
1.762000 1.637122
1.764000 1.649307
1.766000 1.654542
1.768000 1.663862
1.770000 1.664935
1.772000 1.665393
1.774000 1.658976
1.776000 1.650029
1.778000 1.646431
1.780000 1.652385
1.782000 1.661004
1.784000 1.664679
1.786000 1.667312
1.788000 1.670156
1.790000 1.682605
1.792000 1.682800
1.794000 1.691041
1.796000 1.692148
1.798000 1.691722
1.800000 1.689600
1.802000 1.684383
1.804000 1.682369
1.806000 1.676091
1.808000 1.690382
1.810000 1.697459
1.812000 1.695612
1.814000 1.711274
1.816000 1.724978
1.818000 1.726880
1.820000 1.709260
1.822000 1.703069
1.824000 1.705065
1.826000 1.704688
1.828000 1.709446
1.830000 1.715091
1.832000 1.714452
1.834000 1.723950
1.836000 1.733576
1.838000 1.732093
1.840000 1.742981
1.842000 1.741064
1.844000 1.739960
1.846000 1.729117
1.848000 1.724409
1.850000 1.729225
1.852000 1.729508
1.854000 1.734307
1.856000 1.748323
1.858000 1.758734
1.860000 1.762518
1.862000 1.757470
1.864000 1.753887
1.866000 1.745717
1.868000 1.736556
1.870000 1.745308
1.872000 1.742107
1.874000 1.743656
1.876000 1.756193
1.878000 1.766913
1.880000 1.780673
1.882000 1.781601
1.884000 1.783314
1.886000 1.782502
1.888000 1.784433
1.890000 1.780730
1.892000 1.774518
1.894000 1.769913
1.896000 1.781375
1.898000 1.789916
1.900000 1.796081
1.902000 1.796683
1.904000 1.804612
1.906000 1.800034
1.908000 1.800326
1.910000 1.806183
1.912000 1.809133
1.914000 1.802961
1.916000 1.806345
1.918000 1.805552
1.920000 1.805430
1.922000 1.806323
1.924000 1.804130
1.926000 1.812324
1.928000 1.807420
1.930000 1.807013
1.932000 1.806908
1.934000 1.814526
1.936000 1.833863
1.938000 1.850303
1.940000 1.850920
1.942000 1.836445
1.944000 1.843931
1.946000 1.840309
1.948000 1.834454
1.950000 1.847840
1.952000 1.856334
1.954000 1.841880
1.956000 1.836992
1.958000 1.850217
1.960000 1.858153
1.962000 1.860880
1.964000 1.859870
1.966000 1.861945
1.968000 1.857149
1.970000 1.858729
1.972000 1.862418
1.974000 1.867638
1.976000 1.878363
1.978000 1.880977
1.980000 1.887663
1.982000 1.886417
1.984000 1.879875
1.986000 1.877540
1.988000 1.881291
1.990000 1.881466
1.992000 1.881343
1.994000 1.884651
1.996000 1.883138
1.998000 1.894226
