0.000000 -0.000039
0.002000 -0.001462
0.004000 -0.000191
0.006000 0.002214
0.008000 0.005490
0.010000 0.007632
0.012000 0.009665
0.014000 0.011146
0.016000 0.011784
0.018000 0.013855
0.020000 0.017096
0.022000 0.018900
0.024000 0.021566
0.026000 0.023605
0.028000 0.024446
0.030000 0.026068
0.032000 0.029496
0.034000 0.031377
0.036000 0.031950
0.038000 0.033564
0.040000 0.035272
0.042000 0.037967
0.044000 0.039466
0.046000 0.040963
0.048000 0.041450
0.050000 0.042807
0.052000 0.044090
0.054000 0.044863
0.056000 0.047186
0.058000 0.048746
0.060000 0.050222
0.062000 0.053382
0.064000 0.054791
0.066000 0.056199
0.068000 0.057605
0.070000 0.059094
0.072000 0.061545
0.074000 0.062874
0.076000 0.064209
0.078000 0.065546
0.080000 0.066885
0.082000 0.068233
0.084000 0.069816
0.086000 0.071132
0.088000 0.072449
0.090000 0.073760
0.092000 0.075071
0.094000 0.076383
0.096000 0.077695
0.098000 0.079006
0.100000 0.080317
0.102000 0.081630
0.104000 0.082954
0.106000 0.085443
0.108000 0.086666
0.110000 0.088360
0.112000 0.090026
0.114000 0.091199
0.116000 0.092375
0.118000 0.093558
0.120000 0.094748
0.122000 0.095940
0.124000 0.097138
0.126000 0.098766
0.128000 0.101750
0.130000 0.103875
0.132000 0.104855
0.134000 0.106035
0.136000 0.108029
0.138000 0.108971
0.140000 0.110623
0.142000 0.112224
0.144000 0.113457
0.146000 0.115359
0.148000 0.116338
0.150000 0.117612
0.152000 0.118911
0.154000 0.119759
0.156000 0.120629
0.158000 0.121517
0.160000 0.122612
0.162000 0.124420
0.164000 0.125278
0.166000 0.126375
0.168000 0.128520
0.170000 0.130727
0.172000 0.132440
0.174000 0.133135
0.176000 0.133865
0.178000 0.134625
0.180000 0.135416
0.182000 0.136530
0.184000 0.138615
0.186000 0.139410
0.188000 0.140159
0.190000 0.141753
0.192000 0.142761
0.194000 0.145236
0.196000 0.146807
0.198000 0.147494
0.200000 0.148760
0.202000 0.150111
0.204000 0.151081
0.206000 0.153078
0.208000 0.154400
0.210000 0.156000
0.212000 0.157789
0.214000 0.158497
0.216000 0.159487
0.218000 0.161124
0.220000 0.161660
0.222000 0.163005
0.224000 0.164203
0.226000 0.165599
0.228000 0.166470
0.230000 0.168122
0.232000 0.168767
0.234000 0.169266
0.236000 0.171161
0.238000 0.173301
0.240000 0.174602
0.242000 0.175892
0.244000 0.177091
0.246000 0.178447
0.248000 0.179182
0.250000 0.182035
0.252000 0.185778
0.254000 0.187232
0.256000 0.187242
0.258000 0.187313
0.260000 0.188396
0.262000 0.190845
0.264000 0.191370
0.266000 0.191607
0.268000 0.192367
0.270000 0.192430
0.272000 0.192548
0.274000 0.194633
0.276000 0.195370
0.278000 0.197867
0.280000 0.199594
0.282000 0.201839
0.284000 0.203311
0.286000 0.203540
0.288000 0.203750
0.290000 0.204009
0.292000 0.203863
0.294000 0.204735
0.296000 0.205824
0.298000 0.207313
0.300000 0.208620
0.302000 0.210266
0.304000 0.210213
0.306000 0.210797
0.308000 0.211024
0.310000 0.210948
0.312000 0.212663
0.314000 0.215111
0.316000 0.217513
0.318000 0.217263
0.320000 0.217684
0.322000 0.219312
0.324000 0.220657
0.326000 0.222036
0.328000 0.222940
0.330000 0.222779
0.332000 0.223231
0.334000 0.226447
0.336000 0.228245
0.338000 0.232390
0.340000 0.234704
0.342000 0.235633
0.344000 0.235609
0.346000 0.235764
0.348000 0.237665
0.350000 0.238906
0.352000 0.241494
0.354000 0.242349
0.356000 0.242797
0.358000 0.243861
0.360000 0.247063
0.362000 0.248981
0.364000 0.250024
0.366000 0.250347
0.368000 0.251179
0.370000 0.251685
0.372000 0.253878
0.374000 0.257326
0.376000 0.257917
0.378000 0.259471
0.380000 0.262251
0.382000 0.266978
0.384000 0.268110
0.386000 0.269180
0.388000 0.270832
0.390000 0.270946
0.392000 0.273330
0.394000 0.277003
0.396000 0.278592
0.398000 0.282109
0.400000 0.284878
0.402000 0.290208
0.404000 0.291980
0.406000 0.293111
0.408000 0.295078
0.410000 0.297491
0.412000 0.298454
0.414000 0.298925
0.416000 0.302474
0.418000 0.303458
0.420000 0.304433
0.422000 0.306018
0.424000 0.308910
0.426000 0.309013
0.428000 0.311601
0.430000 0.311918
0.432000 0.314697
0.434000 0.316882
0.436000 0.318156
0.438000 0.318189
0.440000 0.318655
0.442000 0.320227
0.444000 0.322111
0.446000 0.322712
0.448000 0.325163
0.450000 0.328858
0.452000 0.330431
0.454000 0.332356
0.456000 0.331342
0.458000 0.332631
0.460000 0.335793
0.462000 0.336725
0.464000 0.338860
0.466000 0.338645
0.468000 0.340638
0.470000 0.343767
0.472000 0.347172
0.474000 0.347741
0.476000 0.354318
0.478000 0.356996
0.480000 0.358213
0.482000 0.357738
0.484000 0.363519
0.486000 0.367258
0.488000 0.372074
0.490000 0.375105
0.492000 0.376573
0.494000 0.378601
0.496000 0.380773
0.498000 0.381520
0.500000 0.381872
0.502000 0.383773
0.504000 0.384487
0.506000 0.383826
0.508000 0.384433
0.510000 0.388338
0.512000 0.394375
0.514000 0.401152
0.516000 0.403435
0.518000 0.406690
0.520000 0.410964
0.522000 0.411341
0.524000 0.411247
0.526000 0.412266
0.528000 0.413789
0.530000 0.413919
0.532000 0.415572
0.534000 0.416648
0.536000 0.421652
0.538000 0.423953
0.540000 0.423629
0.542000 0.424986
0.544000 0.425448
0.546000 0.429074
0.548000 0.429488
0.550000 0.429397
0.552000 0.433541
0.554000 0.435600
0.556000 0.438515
0.558000 0.441069
0.560000 0.443120
0.562000 0.443834
0.564000 0.448284
0.566000 0.453747
0.568000 0.459066
0.570000 0.461737
0.572000 0.464628
0.574000 0.469893
0.576000 0.471649
0.578000 0.474249
0.580000 0.478464
0.582000 0.478151
0.584000 0.481897
0.586000 0.487944
0.588000 0.492200
0.590000 0.491953
0.592000 0.492560
0.594000 0.494199
0.596000 0.492657
0.598000 0.493820
0.600000 0.496422
0.602000 0.495187
0.604000 0.499871
0.606000 0.501963
0.608000 0.504221
0.610000 0.505625
0.612000 0.507701
0.614000 0.511540
0.616000 0.516648
0.618000 0.518444
0.620000 0.520735
0.622000 0.527330
0.624000 0.531692
0.626000 0.533206
0.628000 0.535348
0.630000 0.536468
0.632000 0.538868
0.634000 0.540005
0.636000 0.542443
0.638000 0.546776
0.640000 0.549750
0.642000 0.551517
0.644000 0.554885
0.646000 0.556209
0.648000 0.557078
0.650000 0.562302
0.652000 0.562436
0.654000 0.562102
0.656000 0.564102
0.658000 0.564281
0.660000 0.565363
0.662000 0.564902
0.664000 0.570181
0.666000 0.574143
0.668000 0.576612
0.670000 0.580572
0.672000 0.580561
0.674000 0.586382
0.676000 0.591004
0.678000 0.590142
0.680000 0.589060
0.682000 0.592052
0.684000 0.597637
0.686000 0.602114
0.688000 0.604006
0.690000 0.607410
0.692000 0.608566
0.694000 0.609060
0.696000 0.608826
0.698000 0.607842
0.700000 0.608381
0.702000 0.609491
0.704000 0.612293
0.706000 0.615013
0.708000 0.621607
0.710000 0.626052
0.712000 0.630279
0.714000 0.630998
0.716000 0.631921
0.718000 0.634738
0.720000 0.635324
0.722000 0.637041
0.724000 0.638558
0.726000 0.644882
0.728000 0.645622
0.730000 0.646982
0.732000 0.650205
0.734000 0.650951
0.736000 0.652167
0.738000 0.657469
0.740000 0.658936
0.742000 0.664130
0.744000 0.664820
0.746000 0.670175
0.748000 0.672641
0.750000 0.674079
0.752000 0.676558
0.754000 0.675768
0.756000 0.674419
0.758000 0.676147
0.760000 0.681700
0.762000 0.684896
0.764000 0.686246
0.766000 0.687161
0.768000 0.686520
0.770000 0.689305
0.772000 0.691013
0.774000 0.693951
0.776000 0.693025
0.778000 0.692440
0.780000 0.698901
0.782000 0.700129
0.784000 0.702293
0.786000 0.704608
0.788000 0.707367
0.790000 0.711968
0.792000 0.715234
0.794000 0.718696
0.796000 0.722499
0.798000 0.721013
0.800000 0.724648
0.802000 0.729606
0.804000 0.730532
0.806000 0.736600
0.808000 0.738407
0.810000 0.739168
0.812000 0.739278
0.814000 0.740815
0.816000 0.740767
0.818000 0.744203
0.820000 0.748473
0.822000 0.745495
0.824000 0.748897
0.826000 0.749379
0.828000 0.749252
0.830000 0.748339
0.832000 0.753069
0.834000 0.754608
0.836000 0.755292
0.838000 0.759567
0.840000 0.759207
0.842000 0.757777
0.844000 0.760992
0.846000 0.764623
0.848000 0.764686
0.850000 0.768360
0.852000 0.773802
0.854000 0.776460
0.856000 0.778062
0.858000 0.783277
0.860000 0.781182
0.862000 0.783849
0.864000 0.783737
0.866000 0.781508
0.868000 0.783751
0.870000 0.787677
0.872000 0.790176
0.874000 0.790336
0.876000 0.793008
0.878000 0.796381
0.880000 0.801404
0.882000 0.807085
0.884000 0.810502
0.886000 0.812990
0.888000 0.809629
0.890000 0.811835
0.892000 0.818055
0.894000 0.827674
0.896000 0.827234
0.898000 0.827367
0.900000 0.831646
0.902000 0.831566
0.904000 0.833527
0.906000 0.832836
0.908000 0.834153
0.910000 0.834781
0.912000 0.833200
0.914000 0.839142
0.916000 0.838340
0.918000 0.838036
0.920000 0.843602
0.922000 0.847350
0.924000 0.851394
0.926000 0.859352
0.928000 0.862007
0.930000 0.862305
0.932000 0.869487
0.934000 0.869568
0.936000 0.870733
0.938000 0.873601
0.940000 0.870505
0.942000 0.877216
0.944000 0.883110
0.946000 0.881030
0.948000 0.877452
0.950000 0.874523
0.952000 0.875144
0.954000 0.881007
0.956000 0.881674
0.958000 0.889587
0.960000 0.890664
0.962000 0.895379
0.964000 0.893995
0.966000 0.896071
0.968000 0.893837
0.970000 0.897409
0.972000 0.902916
0.974000 0.906744
0.976000 0.909079
0.978000 0.907969
0.980000 0.907504
0.982000 0.908220
0.984000 0.912927
0.986000 0.916357
0.988000 0.914866
0.990000 0.914759
0.992000 0.917952
0.994000 0.918355
0.996000 0.926054
0.998000 0.925804
1.000000 0.921800
1.002000 0.928061
1.004000 0.930283
1.006000 0.930881
1.008000 0.936316
1.010000 0.944144
1.012000 0.946149
1.014000 0.947311
1.016000 0.953539
1.018000 0.955462
1.020000 0.952728
1.022000 0.951474
1.024000 0.953107
1.026000 0.952160
1.028000 0.949171
1.030000 0.952634
1.032000 0.955977
1.034000 0.961109
1.036000 0.961224
1.038000 0.963940
1.040000 0.967293
1.042000 0.969708
1.044000 0.972224
1.046000 0.975702
1.048000 0.982050
1.050000 0.981763
1.052000 0.985869
1.054000 0.987530
1.056000 0.986578
1.058000 0.992996
1.060000 1.001650
1.062000 1.002873
1.064000 1.004243
1.066000 1.001964
1.068000 1.002442
1.070000 1.003527
1.072000 1.005546
1.074000 1.003496
1.076000 1.005581
1.078000 1.011256
1.080000 1.018467
1.082000 1.021661
1.084000 1.020534
1.086000 1.018162
1.088000 1.018135
1.090000 1.016396
1.092000 1.015545
1.094000 1.024884
1.096000 1.032047
1.098000 1.036030
1.100000 1.038830
1.102000 1.040217
1.104000 1.036517
1.106000 1.037392
1.108000 1.045120
1.110000 1.046324
1.112000 1.048238
1.114000 1.045746
1.116000 1.045506
1.118000 1.048957
1.120000 1.054564
1.122000 1.055190
1.124000 1.055493
1.126000 1.052753
1.128000 1.053226
1.130000 1.055276
1.132000 1.060809
1.134000 1.060740
1.136000 1.064382
1.138000 1.074199
1.140000 1.080620
1.142000 1.082051
1.144000 1.086760
1.146000 1.094499
1.148000 1.094476
1.150000 1.090291
1.152000 1.089533
1.154000 1.088603
1.156000 1.086645
1.158000 1.085534
1.160000 1.083956
1.162000 1.084599
1.164000 1.089311
1.166000 1.095100
1.168000 1.094261
1.170000 1.097862
1.172000 1.099930
1.174000 1.102607
1.176000 1.110187
1.178000 1.118748
1.180000 1.124225
1.182000 1.124934
1.184000 1.127310
1.186000 1.129411
1.188000 1.133788
1.190000 1.136113
1.192000 1.136376
1.194000 1.134141
1.196000 1.134713
1.198000 1.136097
1.200000 1.135659
1.202000 1.138883
1.204000 1.137475
1.206000 1.138609
1.208000 1.138192
1.210000 1.146923
1.212000 1.151232
1.214000 1.153215
1.216000 1.158134
1.218000 1.155881
1.220000 1.153296
1.222000 1.158066
1.224000 1.157349
1.226000 1.157378
1.228000 1.152971
1.230000 1.159325
1.232000 1.164708
1.234000 1.169520
1.236000 1.166869
1.238000 1.170247
1.240000 1.172459
1.242000 1.174850
1.244000 1.178832
1.246000 1.178105
1.248000 1.181606
1.250000 1.182042
1.252000 1.185695
1.254000 1.191852
1.256000 1.199309
1.258000 1.204323
1.260000 1.208086
1.262000 1.203339
1.264000 1.201280
1.266000 1.207689
1.268000 1.204457
1.270000 1.203614
1.272000 1.209115
1.274000 1.212131
1.276000 1.215381
1.278000 1.221807
1.280000 1.220111
1.282000 1.222342
1.284000 1.224811
1.286000 1.225595
1.288000 1.226208
1.290000 1.224517
1.292000 1.224285
1.294000 1.226831
1.296000 1.227252
1.298000 1.232312
1.300000 1.239518
1.302000 1.243542
1.304000 1.239626
1.306000 1.244984
1.308000 1.245844
1.310000 1.245890
1.312000 1.244750
1.314000 1.253412
1.316000 1.257634
1.318000 1.257888
1.320000 1.263383
1.322000 1.264688
1.324000 1.259206
1.326000 1.262009
1.328000 1.265898
1.330000 1.268379
1.332000 1.264501
1.334000 1.268420
1.336000 1.276480
1.338000 1.282359
1.340000 1.280341
1.342000 1.278187
1.344000 1.278894
1.346000 1.278575
1.348000 1.287440
1.350000 1.287457
1.352000 1.290579
1.354000 1.290988
1.356000 1.295014
1.358000 1.298785
1.360000 1.301195
1.362000 1.299030
1.364000 1.303926
1.366000 1.306148
1.368000 1.309429
1.370000 1.308274
1.372000 1.318660
1.374000 1.320727
1.376000 1.323689
1.378000 1.320419
1.380000 1.321044
1.382000 1.323900
1.384000 1.323445
1.386000 1.320167
1.388000 1.322504
1.390000 1.323334
1.392000 1.325846
1.394000 1.332608
1.396000 1.337925
1.398000 1.336669
1.400000 1.338921
1.402000 1.341729
1.404000 1.342485
1.406000 1.344287
1.408000 1.350942
1.410000 1.355670
1.412000 1.357235
1.414000 1.355489
1.416000 1.358344
1.418000 1.355509
1.420000 1.361046
1.422000 1.363944
1.424000 1.364526
1.426000 1.368744
1.428000 1.367885
1.430000 1.363780
1.432000 1.368845
1.434000 1.371992
1.436000 1.381059
1.438000 1.386048
1.440000 1.389526
1.442000 1.387009
1.444000 1.393280
1.446000 1.399579
1.448000 1.393447
1.450000 1.391803
1.452000 1.392407
1.454000 1.385037
1.456000 1.385568
1.458000 1.397302
1.460000 1.397914
1.462000 1.402320
1.464000 1.405587
1.466000 1.413072
1.468000 1.415992
1.470000 1.419162
1.472000 1.417280
1.474000 1.423030
1.476000 1.424222
1.478000 1.421731
1.480000 1.421958
1.482000 1.423018
1.484000 1.422558
1.486000 1.428762
1.488000 1.428751
1.490000 1.427621
1.492000 1.432186
1.494000 1.445847
1.496000 1.449266
1.498000 1.447588
1.500000 1.445301
1.502000 1.445747
1.504000 1.441795
1.506000 1.439524
1.508000 1.438207
1.510000 1.439757
1.512000 1.450765
1.514000 1.465552
1.516000 1.467702
1.518000 1.473239
1.520000 1.472638
1.522000 1.472644
1.524000 1.475223
1.526000 1.476092
1.528000 1.475890
1.530000 1.474926
1.532000 1.468797
1.534000 1.470872
1.536000 1.468913
1.538000 1.478673
1.540000 1.490577
1.542000 1.489600
1.544000 1.490388
1.546000 1.490963
1.548000 1.491338
1.550000 1.497828
1.552000 1.495631
1.554000 1.493526
1.556000 1.494295
1.558000 1.498442
1.560000 1.499824
1.562000 1.503567
1.564000 1.507964
1.566000 1.512828
1.568000 1.514640
1.570000 1.522946
1.572000 1.523897
1.574000 1.526840
1.576000 1.529448
1.578000 1.520497
1.580000 1.521439
1.582000 1.526155
1.584000 1.531612
1.586000 1.532161
1.588000 1.533531
1.590000 1.531886
1.592000 1.528728
1.594000 1.532083
1.596000 1.537647
1.598000 1.537373
1.600000 1.543129
1.602000 1.546822
1.604000 1.554148
1.606000 1.559168
1.608000 1.554550
1.610000 1.551078
1.612000 1.552701
1.614000 1.558542
1.616000 1.562021
1.618000 1.570335
1.620000 1.572779
1.622000 1.570975
1.624000 1.576067
1.626000 1.575355
1.628000 1.575569
1.630000 1.574980
1.632000 1.583457
1.634000 1.583395
1.636000 1.582548
1.638000 1.583790
1.640000 1.581045
1.642000 1.585840
1.644000 1.590629
1.646000 1.594566
1.648000 1.597958
1.650000 1.595463
1.652000 1.595063
1.654000 1.594258
1.656000 1.590438
1.658000 1.594230
1.660000 1.610948
1.662000 1.613337
1.664000 1.616332
1.666000 1.617393
1.668000 1.615363
1.670000 1.620276
1.672000 1.619960
1.674000 1.626275
1.676000 1.624442
1.678000 1.623566
1.680000 1.625624
1.682000 1.626091
1.684000 1.630289
1.686000 1.639561
1.688000 1.637679
1.690000 1.637654
1.692000 1.635938
1.694000 1.636152
1.696000 1.642430
1.698000 1.646167
1.700000 1.646534
1.702000 1.648121
1.704000 1.655033
1.706000 1.661177
1.708000 1.659287
1.710000 1.659034
1.712000 1.660700
1.714000 1.659205
1.716000 1.661236
1.718000 1.660197
1.720000 1.658687
1.722000 1.664446
1.724000 1.672510
1.726000 1.681310
1.728000 1.684005
1.730000 1.683328
1.732000 1.686509
1.734000 1.683123
1.736000 1.687988
1.738000 1.685945
1.740000 1.686832
1.742000 1.685322
1.744000 1.691589
1.746000 1.693719
1.748000 1.697985
1.750000 1.699710
1.752000 1.702088
1.754000 1.700939
1.756000 1.703755
1.758000 1.702438
1.760000 1.701432
1.762000 1.710531
1.764000 1.715548
1.766000 1.724735
1.768000 1.718484
1.770000 1.718484
1.772000 1.724752
1.774000 1.730850
1.776000 1.735364
1.778000 1.731491
1.780000 1.728389
1.782000 1.725891
1.784000 1.724569
1.786000 1.726370
1.788000 1.731387
1.790000 1.742200
1.792000 1.745423
1.794000 1.743596
1.796000 1.750517
1.798000 1.755701
1.800000 1.755626
1.802000 1.749521
1.804000 1.747453
1.806000 1.752918
1.808000 1.757871
1.810000 1.752636
1.812000 1.756672
1.814000 1.761451
1.816000 1.766250
1.818000 1.771805
1.820000 1.773989
1.822000 1.779763
1.824000 1.778051
1.826000 1.781843
1.828000 1.783958
1.830000 1.779977
1.832000 1.787861
1.834000 1.788737
1.836000 1.797724
1.838000 1.796373
1.840000 1.802327
1.842000 1.801188
1.844000 1.794237
1.846000 1.798502
1.848000 1.798342
1.850000 1.798570
1.852000 1.793187
1.854000 1.792827
1.856000 1.803677
1.858000 1.809947
1.860000 1.819889
1.862000 1.825698
1.864000 1.825896
1.866000 1.818643
1.868000 1.816803
1.870000 1.820141
1.872000 1.819523
1.874000 1.819120
1.876000 1.827856
1.878000 1.832955
1.880000 1.837193
1.882000 1.839406
1.884000 1.841020
1.886000 1.838843
1.888000 1.836782
1.890000 1.832567
1.892000 1.838469
1.894000 1.845569
1.896000 1.851934
1.898000 1.853936
1.900000 1.854664
1.902000 1.861822
1.904000 1.865291
1.906000 1.862148
1.908000 1.857336
1.910000 1.857305
1.912000 1.858490
1.914000 1.859707
1.916000 1.862388
1.918000 1.867252
1.920000 1.875353
1.922000 1.877996
1.924000 1.880115
1.926000 1.886962
1.928000 1.889095
1.930000 1.887400
1.932000 1.886722
1.934000 1.885737
1.936000 1.889974
1.938000 1.884567
1.940000 1.888320
1.942000 1.890978
1.944000 1.895441
1.946000 1.895879
1.948000 1.898140
1.950000 1.904486
1.952000 1.906519
1.954000 1.905896
1.956000 1.910254
1.958000 1.912595
1.960000 1.913696
1.962000 1.916409
1.964000 1.921250
1.966000 1.923995
1.968000 1.924717
1.970000 1.922928
1.972000 1.927537
1.974000 1.924830
1.976000 1.938249
1.978000 1.936448
1.980000 1.933569
1.982000 1.930325
1.984000 1.936534
1.986000 1.945462
1.988000 1.940045
1.990000 1.942898
1.992000 1.940587
1.994000 1.942771
1.996000 1.951288
1.998000 1.953569
