0.000000 -0.000082
0.002000 -0.005915
0.004000 -0.003533
0.006000 -0.000389
0.008000 0.002544
0.010000 0.004897
0.012000 0.007100
0.014000 0.008370
0.016000 0.009444
0.018000 0.011968
0.020000 0.014967
0.022000 0.017085
0.024000 0.019173
0.026000 0.021230
0.028000 0.023258
0.030000 0.025264
0.032000 0.027793
0.034000 0.030337
0.036000 0.031621
0.038000 0.033049
0.040000 0.034979
0.042000 0.036889
0.044000 0.038780
0.046000 0.040656
0.048000 0.042518
0.050000 0.044367
0.052000 0.046201
0.054000 0.048025
0.056000 0.050561
0.058000 0.052373
0.060000 0.054385
0.062000 0.056542
0.064000 0.058222
0.066000 0.059898
0.068000 0.061574
0.070000 0.063248
0.072000 0.064922
0.074000 0.066592
0.076000 0.068260
0.078000 0.069926
0.080000 0.071593
0.082000 0.073263
0.084000 0.074933
0.086000 0.076603
0.088000 0.078270
0.090000 0.079932
0.092000 0.081592
0.094000 0.083250
0.096000 0.084908
0.098000 0.086576
0.100000 0.088538
0.102000 0.090178
0.104000 0.091816
0.106000 0.093452
0.108000 0.095999
0.110000 0.098143
0.112000 0.100151
0.114000 0.101658
0.116000 0.103175
0.118000 0.104703
0.120000 0.106238
0.122000 0.107778
0.124000 0.109849
0.126000 0.112035
0.128000 0.113508
0.130000 0.114988
0.132000 0.116513
0.134000 0.119156
0.136000 0.120580
0.138000 0.122421
0.140000 0.124632
0.142000 0.126500
0.144000 0.128223
0.146000 0.130550
0.148000 0.131993
0.150000 0.133295
0.152000 0.134618
0.154000 0.135959
0.156000 0.137538
0.158000 0.139540
0.160000 0.140845
0.162000 0.142169
0.164000 0.143509
0.166000 0.145588
0.168000 0.147825
0.170000 0.149356
0.172000 0.150618
0.174000 0.151899
0.176000 0.153198
0.178000 0.154511
0.180000 0.155838
0.182000 0.158170
0.184000 0.160004
0.186000 0.161271
0.188000 0.163503
0.190000 0.165806
0.192000 0.167545
0.194000 0.168873
0.196000 0.170078
0.198000 0.171301
0.200000 0.173198
0.202000 0.174886
0.204000 0.176645
0.206000 0.178455
0.208000 0.179601
0.210000 0.181642
0.212000 0.184136
0.214000 0.185893
0.216000 0.186978
0.218000 0.188918
0.220000 0.191026
0.222000 0.193557
0.224000 0.195294
0.226000 0.197715
0.228000 0.198629
0.230000 0.199958
0.232000 0.200834
0.234000 0.201747
0.236000 0.203314
0.238000 0.205010
0.240000 0.206501
0.242000 0.208388
0.244000 0.209815
0.246000 0.211620
0.248000 0.212430
0.250000 0.213279
0.252000 0.214165
0.254000 0.215087
0.256000 0.217245
0.258000 0.219236
0.260000 0.221593
0.262000 0.222553
0.264000 0.223536
0.266000 0.224539
0.268000 0.225563
0.270000 0.226610
0.272000 0.227750
0.274000 0.229908
0.276000 0.232067
0.278000 0.233424
0.280000 0.234374
0.282000 0.235836
0.284000 0.237229
0.286000 0.238619
0.288000 0.239966
0.290000 0.240898
0.292000 0.241852
0.294000 0.243995
0.296000 0.246158
0.298000 0.248565
0.300000 0.250069
0.302000 0.251278
0.304000 0.252601
0.306000 0.254698
0.308000 0.255450
0.310000 0.256231
0.312000 0.257043
0.314000 0.257889
0.316000 0.258768
0.318000 0.259911
0.320000 0.262712
0.322000 0.264051
0.324000 0.265823
0.326000 0.266674
0.328000 0.268546
0.330000 0.270705
0.332000 0.271893
0.334000 0.274084
0.336000 0.276715
0.338000 0.278913
0.340000 0.279811
0.342000 0.282335
0.344000 0.283421
0.346000 0.286047
0.348000 0.287356
0.350000 0.289175
0.352000 0.290554
0.354000 0.294847
0.356000 0.295789
0.358000 0.297455
0.360000 0.300524
0.362000 0.303882
0.364000 0.307315
0.366000 0.309583
0.368000 0.312637
0.370000 0.315586
0.372000 0.315848
0.374000 0.316834
0.376000 0.318834
0.378000 0.320376
0.380000 0.321234
0.382000 0.323426
0.384000 0.326317
0.386000 0.327751
0.388000 0.329185
0.390000 0.331485
0.392000 0.333212
0.394000 0.337057
0.396000 0.339720
0.398000 0.341721
0.400000 0.342923
0.402000 0.343368
0.404000 0.343813
0.406000 0.347815
0.408000 0.349951
0.410000 0.350563
0.412000 0.352574
0.414000 0.354362
0.416000 0.356113
0.418000 0.357142
0.420000 0.360097
0.422000 0.361498
0.424000 0.364013
0.426000 0.366743
0.428000 0.368886
0.430000 0.369305
0.432000 0.371329
0.434000 0.372929
0.436000 0.374913
0.438000 0.377062
0.440000 0.378113
0.442000 0.379631
0.444000 0.380842
0.446000 0.382971
0.448000 0.386595
0.450000 0.386918
0.452000 0.387818
0.454000 0.388709
0.456000 0.389173
0.458000 0.389395
0.460000 0.389662
0.462000 0.390904
0.464000 0.395682
0.466000 0.398815
0.468000 0.400904
0.470000 0.402396
0.472000 0.405662
0.474000 0.411609
0.476000 0.414853
0.478000 0.416605
0.480000 0.419383
0.482000 0.421504
0.484000 0.423315
0.486000 0.425941
0.488000 0.427618
0.490000 0.431745
0.492000 0.434083
0.494000 0.438172
0.496000 0.441685
0.498000 0.442306
0.500000 0.447056
0.502000 0.450763
0.504000 0.454184
0.506000 0.457175
0.508000 0.459134
0.510000 0.461574
0.512000 0.466221
0.514000 0.467279
0.516000 0.467040
0.518000 0.467920
0.520000 0.468617
0.522000 0.472216
0.524000 0.475246
0.526000 0.475972
0.528000 0.478448
0.530000 0.479030
0.532000 0.480683
0.534000 0.482658
0.536000 0.485129
0.538000 0.486131
0.540000 0.486953
0.542000 0.487153
0.544000 0.488668
0.546000 0.491163
0.548000 0.494242
0.550000 0.497858
0.552000 0.498533
0.554000 0.500134
0.556000 0.500862
0.558000 0.502710
0.560000 0.502769
0.562000 0.503953
0.564000 0.505314
0.566000 0.508230
0.568000 0.512429
0.570000 0.515368
0.572000 0.519528
0.574000 0.523396
0.576000 0.525193
0.578000 0.524700
0.580000 0.527893
0.582000 0.530054
0.584000 0.530906
0.586000 0.531838
0.588000 0.534452
0.590000 0.538052
0.592000 0.542928
0.594000 0.548200
0.596000 0.552037
0.598000 0.553978
0.600000 0.557552
0.602000 0.559793
0.604000 0.560394
0.606000 0.565335
0.608000 0.568150
0.610000 0.568495
0.612000 0.567941
0.614000 0.568389
0.616000 0.571758
0.618000 0.575379
0.620000 0.576834
0.622000 0.579140
0.624000 0.581830
0.626000 0.584412
0.628000 0.585998
0.630000 0.588639
0.632000 0.593118
0.634000 0.594845
0.636000 0.596565
0.638000 0.598228
0.640000 0.598180
0.642000 0.600300
0.644000 0.601216
0.646000 0.600881
0.648000 0.600399
0.650000 0.600283
0.652000 0.603072
0.654000 0.604306
0.656000 0.604936
0.658000 0.607160
0.660000 0.607857
0.662000 0.609644
0.664000 0.614547
0.666000 0.615846
0.668000 0.617266
0.670000 0.619909
0.672000 0.622370
0.674000 0.627145
0.676000 0.631346
0.678000 0.635086
0.680000 0.639046
0.682000 0.638592
0.684000 0.639242
0.686000 0.642745
0.688000 0.646867
0.690000 0.649605
0.692000 0.651635
0.694000 0.657922
0.696000 0.659980
0.698000 0.658767
0.700000 0.658671
0.702000 0.658049
0.704000 0.659824
0.706000 0.663021
0.708000 0.666670
0.710000 0.667770
0.712000 0.667387
0.714000 0.670293
0.716000 0.672404
0.718000 0.675466
0.720000 0.675998
0.722000 0.678394
0.724000 0.679091
0.726000 0.678686
0.728000 0.678125
0.730000 0.681523
0.732000 0.685686
0.734000 0.686087
0.736000 0.691568
0.738000 0.694344
0.740000 0.695506
0.742000 0.697686
0.744000 0.700852
0.746000 0.703991
0.748000 0.704286
0.750000 0.709779
0.752000 0.711141
0.754000 0.716276
0.756000 0.721116
0.758000 0.729479
0.760000 0.731356
0.762000 0.730722
0.764000 0.729189
0.766000 0.727886
0.768000 0.728336
0.770000 0.729239
0.772000 0.734261
0.774000 0.735345
0.776000 0.738581
0.778000 0.739490
0.780000 0.738502
0.782000 0.738266
0.784000 0.740100
0.786000 0.741991
0.788000 0.743514
0.790000 0.747976
0.792000 0.751000
0.794000 0.754226
0.796000 0.760200
0.798000 0.765580
0.800000 0.765043
0.802000 0.768202
0.804000 0.770542
0.806000 0.772230
0.808000 0.774100
0.810000 0.773224
0.812000 0.773165
0.814000 0.774299
0.816000 0.773780
0.818000 0.773364
0.820000 0.777555
0.822000 0.782262
0.824000 0.784373
0.826000 0.782227
0.828000 0.786566
0.830000 0.789255
0.832000 0.789953
0.834000 0.793625
0.836000 0.796740
0.838000 0.800023
0.840000 0.803486
0.842000 0.804439
0.844000 0.806365
0.846000 0.811742
0.848000 0.813558
0.850000 0.814778
0.852000 0.818823
0.854000 0.822509
0.856000 0.822669
0.858000 0.821654
0.860000 0.820251
0.862000 0.824634
0.864000 0.829011
0.866000 0.833364
0.868000 0.832263
0.870000 0.832793
0.872000 0.834852
0.874000 0.837325
0.876000 0.839143
0.878000 0.844106
0.880000 0.844983
0.882000 0.847515
0.884000 0.849896
0.886000 0.848586
0.888000 0.851272
0.890000 0.855003
0.892000 0.856900
0.894000 0.857043
0.896000 0.860866
0.898000 0.863677
0.900000 0.864744
0.902000 0.865487
0.904000 0.866531
0.906000 0.868775
0.908000 0.868625
0.910000 0.869346
0.912000 0.871755
0.914000 0.874107
0.916000 0.879020
0.918000 0.880318
0.920000 0.879619
0.922000 0.884985
0.924000 0.888034
0.926000 0.891533
0.928000 0.893791
0.930000 0.897554
0.932000 0.895621
0.934000 0.896242
0.936000 0.900780
0.938000 0.907846
0.940000 0.912422
0.942000 0.912850
0.944000 0.914508
0.946000 0.915909
0.948000 0.914844
0.950000 0.912581
0.952000 0.910221
0.954000 0.910567
0.956000 0.911547
0.958000 0.912796
0.960000 0.916987
0.962000 0.924796
0.964000 0.931106
0.966000 0.934133
0.968000 0.935781
0.970000 0.936060
0.972000 0.938745
0.974000 0.944635
0.976000 0.944070
0.978000 0.943893
0.980000 0.946527
0.982000 0.949351
0.984000 0.953636
0.986000 0.956496
0.988000 0.957073
0.990000 0.958323
0.992000 0.958872
0.994000 0.956950
0.996000 0.955895
0.998000 0.953912
1.000000 0.954016
1.002000 0.959106
1.004000 0.963463
1.006000 0.965442
1.008000 0.964564
1.010000 0.967703
1.012000 0.973935
1.014000 0.979232
1.016000 0.982728
1.018000 0.988275
1.020000 0.992808
1.022000 0.991203
1.024000 0.993344
1.026000 0.995437
1.028000 0.998438
1.030000 0.997594
1.032000 0.997437
1.034000 1.000523
1.036000 1.000853
1.038000 1.000264
1.040000 1.003465
1.042000 1.004482
1.044000 1.007993
1.046000 1.011286
1.048000 1.013912
1.050000 1.014895
1.052000 1.014695
1.054000 1.018384
1.056000 1.025405
1.058000 1.026062
1.060000 1.029114
1.062000 1.029129
1.064000 1.033975
1.066000 1.037278
1.068000 1.038320
1.070000 1.042712
1.072000 1.041141
1.074000 1.039318
1.076000 1.040314
1.078000 1.041748
1.080000 1.044186
1.082000 1.048289
1.084000 1.049969
1.086000 1.051398
1.088000 1.055511
1.090000 1.057631
1.092000 1.059331
1.094000 1.059868
1.096000 1.058966
1.098000 1.061917
1.100000 1.069216
1.102000 1.071274
1.104000 1.072781
1.106000 1.076980
1.108000 1.080009
1.110000 1.078403
1.112000 1.077746
1.114000 1.081045
1.116000 1.082548
1.118000 1.084036
1.120000 1.088058
1.122000 1.090992
1.124000 1.089938
1.126000 1.089585
1.128000 1.091269
1.130000 1.093243
1.132000 1.093511
1.134000 1.101474
1.136000 1.107014
1.138000 1.109430
1.140000 1.109048
1.142000 1.116240
1.144000 1.116331
1.146000 1.114515
1.148000 1.114385
1.150000 1.119261
1.152000 1.121479
1.154000 1.118550
1.156000 1.118169
1.158000 1.116640
1.160000 1.121088
1.162000 1.125239
1.164000 1.128970
1.166000 1.134843
1.168000 1.134700
1.170000 1.135708
1.172000 1.135992
1.174000 1.141219
1.176000 1.149573
1.178000 1.152009
1.180000 1.154904
1.182000 1.157388
1.184000 1.157306
1.186000 1.156062
1.188000 1.155765
1.190000 1.155266
1.192000 1.154567
1.194000 1.153416
1.196000 1.156957
1.198000 1.164059
1.200000 1.169858
1.202000 1.171399
1.204000 1.171562
1.206000 1.172917
1.208000 1.174209
1.210000 1.175109
1.212000 1.179386
1.214000 1.182824
1.216000 1.181325
1.218000 1.184986
1.220000 1.186137
1.222000 1.187868
1.224000 1.189664
1.226000 1.190691
1.228000 1.195018
1.230000 1.198894
1.232000 1.200361
1.234000 1.202316
1.236000 1.204829
1.238000 1.207577
1.240000 1.210927
1.242000 1.213173
1.244000 1.215121
1.246000 1.215496
1.248000 1.218044
1.250000 1.220046
1.252000 1.220417
1.254000 1.222162
1.256000 1.221041
1.258000 1.223144
1.260000 1.226465
1.262000 1.233932
1.264000 1.233977
1.266000 1.233031
1.268000 1.235808
1.270000 1.242370
1.272000 1.245812
1.274000 1.244360
1.276000 1.244831
1.278000 1.246102
1.280000 1.249149
1.282000 1.251971
1.284000 1.253017
1.286000 1.254288
1.288000 1.254290
1.290000 1.257519
1.292000 1.259865
1.294000 1.261073
1.296000 1.265115
1.298000 1.266059
1.300000 1.266339
1.302000 1.266549
1.304000 1.270128
1.306000 1.273970
1.308000 1.278246
1.310000 1.277314
1.312000 1.283447
1.314000 1.286130
1.316000 1.286370
1.318000 1.288728
1.320000 1.288501
1.322000 1.286526
1.324000 1.287756
1.326000 1.289245
1.328000 1.290023
1.330000 1.293834
1.332000 1.295490
1.334000 1.301235
1.336000 1.309382
1.338000 1.309747
1.340000 1.312882
1.342000 1.313167
1.344000 1.313423
1.346000 1.316217
1.348000 1.318280
1.350000 1.319620
1.352000 1.318917
1.354000 1.317492
1.356000 1.320768
1.358000 1.322688
1.360000 1.328245
1.362000 1.329516
1.364000 1.334328
1.366000 1.341843
1.368000 1.347808
1.370000 1.349212
1.372000 1.348144
1.374000 1.348216
1.376000 1.346362
1.378000 1.344599
1.380000 1.344763
1.382000 1.348037
1.384000 1.351130
1.386000 1.351429
1.388000 1.354588
1.390000 1.357170
1.392000 1.358077
1.394000 1.363167
1.396000 1.366708
1.398000 1.368651
1.400000 1.371967
1.402000 1.373752
1.404000 1.376627
1.406000 1.378876
1.408000 1.383157
1.410000 1.384036
1.412000 1.384396
1.414000 1.384797
1.416000 1.385932
1.418000 1.385450
1.420000 1.392886
1.422000 1.396945
1.424000 1.395687
1.426000 1.398498
1.428000 1.402328
1.430000 1.404419
1.432000 1.402298
1.434000 1.401676
1.436000 1.404625
1.438000 1.406949
1.440000 1.413608
1.442000 1.419809
1.444000 1.419488
1.446000 1.417087
1.448000 1.416758
1.450000 1.419766
1.452000 1.422252
1.454000 1.422276
1.456000 1.426370
1.458000 1.428357
1.460000 1.430323
1.462000 1.430687
1.464000 1.432937
1.466000 1.437577
1.468000 1.443240
1.470000 1.443079
1.472000 1.439614
1.474000 1.438187
1.476000 1.446058
1.478000 1.450988
1.480000 1.454445
1.482000 1.452685
1.484000 1.453318
1.486000 1.458134
1.488000 1.458274
1.490000 1.459540
1.492000 1.464005
1.494000 1.464021
1.496000 1.465261
1.498000 1.466399
1.500000 1.469677
1.502000 1.468384
1.504000 1.470101
1.506000 1.474812
1.508000 1.481423
1.510000 1.484749
1.512000 1.482925
1.514000 1.483336
1.516000 1.482531
1.518000 1.484564
1.520000 1.486510
1.522000 1.489537
1.524000 1.491682
1.526000 1.493897
1.528000 1.496012
1.530000 1.498186
1.532000 1.502463
1.534000 1.506297
1.536000 1.511648
1.538000 1.510764
1.540000 1.515285
1.542000 1.517413
1.544000 1.519881
1.546000 1.516289
1.548000 1.514971
1.550000 1.522147
1.552000 1.522374
1.554000 1.525443
1.556000 1.530553
1.558000 1.534205
1.560000 1.531326
1.562000 1.531716
1.564000 1.528480
1.566000 1.530898
1.568000 1.537283
1.570000 1.540891
1.572000 1.542932
1.574000 1.547580
1.576000 1.550344
1.578000 1.549104
1.580000 1.549527
1.582000 1.554756
1.584000 1.557593
1.586000 1.560642
1.588000 1.561928
1.590000 1.564793
1.592000 1.565694
1.594000 1.567583
1.596000 1.568653
1.598000 1.566461
1.600000 1.571065
1.602000 1.571213
1.604000 1.576705
1.606000 1.579828
1.608000 1.577509
1.610000 1.576615
1.612000 1.582977
1.614000 1.587218
1.616000 1.587077
1.618000 1.590072
1.620000 1.592892
1.622000 1.595690
1.624000 1.597015
1.626000 1.595797
1.628000 1.599523
1.630000 1.605197
1.632000 1.603849
1.634000 1.604762
1.636000 1.604957
1.638000 1.615684
1.640000 1.614279
1.642000 1.618817
1.644000 1.619957
1.646000 1.619952
1.648000 1.617773
1.650000 1.618372
1.652000 1.624435
1.654000 1.625603
1.656000 1.627225
1.658000 1.630257
1.660000 1.633680
1.662000 1.638018
1.664000 1.639730
1.666000 1.641534
1.668000 1.642595
1.670000 1.645718
1.672000 1.647306
1.674000 1.646448
1.676000 1.646977
1.678000 1.650136
1.680000 1.651193
1.682000 1.656513
1.684000 1.656642
1.686000 1.657946
1.688000 1.660915
1.690000 1.658923
1.692000 1.660481
1.694000 1.663542
1.696000 1.663844
1.698000 1.671187
1.700000 1.677469
1.702000 1.683565
1.704000 1.682747
1.706000 1.677520
1.708000 1.676879
1.710000 1.678866
1.712000 1.681799
1.714000 1.689721
1.716000 1.692493
1.718000 1.693340
1.720000 1.692099
1.722000 1.693782
1.724000 1.697661
1.726000 1.701488
1.728000 1.707040
1.730000 1.702887
1.732000 1.703768
1.734000 1.703149
1.736000 1.705851
1.738000 1.707834
1.740000 1.713428
1.742000 1.721041
1.744000 1.725734
1.746000 1.724798
1.748000 1.721506
1.750000 1.724796
1.752000 1.726399
1.754000 1.729108
1.756000 1.733984
1.758000 1.732594
1.760000 1.732537
1.762000 1.736348
1.764000 1.742969
1.766000 1.746622
1.768000 1.742663
1.770000 1.743429
1.772000 1.741441
1.774000 1.744021
1.776000 1.743194
1.778000 1.744762
1.780000 1.756362
1.782000 1.758215
1.784000 1.761347
1.786000 1.765110
1.788000 1.770025
1.790000 1.771773
1.792000 1.769519
1.794000 1.768459
1.796000 1.772112
1.798000 1.771702
1.800000 1.771323
1.802000 1.775286
1.804000 1.783226
1.806000 1.784680
1.808000 1.787557
1.810000 1.790248
1.812000 1.787721
1.814000 1.786833
1.816000 1.788080
1.818000 1.789066
1.820000 1.796409
1.822000 1.798995
1.824000 1.802055
1.826000 1.802551
1.828000 1.802715
1.830000 1.802667
1.832000 1.805312
1.834000 1.812470
1.836000 1.810018
1.838000 1.811242
1.840000 1.810085
1.842000 1.816923
1.844000 1.821255
1.846000 1.824546
1.848000 1.825086
1.850000 1.827031
1.852000 1.827930
1.854000 1.828691
1.856000 1.830191
1.858000 1.831696
1.860000 1.836810
1.862000 1.839002
1.864000 1.837406
1.866000 1.840340
1.868000 1.845554
1.870000 1.844628
1.872000 1.841919
1.874000 1.845795
1.876000 1.850066
1.878000 1.857436
1.880000 1.856144
1.882000 1.858034
1.884000 1.859441
1.886000 1.858777
1.888000 1.863157
1.890000 1.867426
1.892000 1.868575
1.894000 1.869099
1.896000 1.870665
1.898000 1.873560
1.900000 1.877871
1.902000 1.878066
1.904000 1.879990
1.906000 1.881976
1.908000 1.886513
1.910000 1.884752
1.912000 1.887024
1.914000 1.890870
1.916000 1.892585
1.918000 1.891549
1.920000 1.894068
1.922000 1.895885
1.924000 1.901082
1.926000 1.907151
1.928000 1.907492
1.930000 1.908653
1.932000 1.907815
1.934000 1.907291
1.936000 1.908367
1.938000 1.908781
1.940000 1.911102
1.942000 1.919212
1.944000 1.918709
1.946000 1.924089
1.948000 1.927552
1.950000 1.933496
1.952000 1.932743
1.954000 1.927152
1.956000 1.925844
1.958000 1.926998
1.960000 1.934333
1.962000 1.939671
1.964000 1.942877
1.966000 1.945792
1.968000 1.946915
1.970000 1.946102
1.972000 1.948059
1.974000 1.950381
1.976000 1.950032
1.978000 1.947561
1.980000 1.949897
1.982000 1.956507
1.984000 1.962458
1.986000 1.967377
1.988000 1.968577
1.990000 1.972213
1.992000 1.971466
1.994000 1.970306
1.996000 1.968105
1.998000 1.968134
