0.000000 0.000009
0.002000 0.001980
0.004000 0.002715
0.006000 0.002580
0.008000 0.006035
0.010000 0.007930
0.012000 0.008811
0.014000 0.009137
0.016000 0.009162
0.018000 0.010135
0.020000 0.012123
0.022000 0.014554
0.024000 0.015553
0.026000 0.018257
0.028000 0.020274
0.030000 0.020401
0.032000 0.022911
0.034000 0.025033
0.036000 0.026368
0.038000 0.028601
0.040000 0.030865
0.042000 0.033981
0.044000 0.034821
0.046000 0.036921
0.048000 0.037881
0.050000 0.038153
0.052000 0.038175
0.054000 0.040155
0.056000 0.043050
0.058000 0.044882
0.060000 0.045815
0.062000 0.047523
0.064000 0.050032
0.066000 0.050461
0.068000 0.050774
0.070000 0.052121
0.072000 0.053114
0.074000 0.053602
0.076000 0.054173
0.078000 0.054189
0.080000 0.054370
0.082000 0.054649
0.084000 0.054878
0.086000 0.056284
0.088000 0.058755
0.090000 0.058943
0.092000 0.059070
0.094000 0.059238
0.096000 0.061242
0.098000 0.061640
0.100000 0.061707
0.102000 0.061808
0.104000 0.063365
0.106000 0.065053
0.108000 0.065030
0.110000 0.065045
0.112000 0.066130
0.114000 0.066663
0.116000 0.067754
0.118000 0.068305
0.120000 0.069975
0.122000 0.070348
0.124000 0.070233
0.126000 0.070163
0.128000 0.070132
0.130000 0.070140
0.132000 0.071456
0.134000 0.072930
0.136000 0.074437
0.138000 0.075242
0.140000 0.075500
0.142000 0.076192
0.144000 0.077490
0.146000 0.078162
0.148000 0.079258
0.150000 0.079556
0.152000 0.079563
0.154000 0.080206
0.156000 0.079862
0.158000 0.079573
0.160000 0.079331
0.162000 0.080029
0.164000 0.079814
0.166000 0.079612
0.168000 0.080319
0.170000 0.080407
0.172000 0.082390
0.174000 0.082766
0.176000 0.082904
0.178000 0.082758
0.180000 0.083505
0.182000 0.083869
0.184000 0.086438
0.186000 0.088019
0.188000 0.089863
0.190000 0.092347
0.192000 0.092517
0.194000 0.092326
0.196000 0.091830
0.198000 0.091161
0.200000 0.090804
0.202000 0.091016
0.204000 0.090940
0.206000 0.091353
0.208000 0.090732
0.210000 0.090143
0.212000 0.091438
0.214000 0.093320
0.216000 0.093938
0.218000 0.096058
0.220000 0.097554
0.222000 0.099029
0.224000 0.098213
0.226000 0.098769
0.228000 0.098560
0.230000 0.099496
0.232000 0.101056
0.234000 0.102038
0.236000 0.103771
0.238000 0.107309
0.240000 0.106077
0.242000 0.107771
0.244000 0.109782
0.246000 0.109562
0.248000 0.112558
0.250000 0.112695
0.252000 0.110910
0.254000 0.109694
0.256000 0.109285
0.258000 0.108362
0.260000 0.107009
0.262000 0.108398
0.264000 0.107597
0.266000 0.107107
0.268000 0.108549
0.270000 0.108259
0.272000 0.107320
0.274000 0.107347
0.276000 0.108145
0.278000 0.110517
0.280000 0.109798
0.282000 0.110646
0.284000 0.111028
0.286000 0.110487
0.288000 0.109505
0.290000 0.110942
0.292000 0.110485
0.294000 0.108984
0.296000 0.110274
0.298000 0.110747
0.300000 0.110608
0.302000 0.109665
0.304000 0.109306
0.306000 0.111009
0.308000 0.113807
0.310000 0.112969
0.312000 0.112179
0.314000 0.112234
0.316000 0.111430
0.318000 0.111090
0.320000 0.111632
0.322000 0.113184
0.324000 0.113470
0.326000 0.114038
0.328000 0.112813
0.330000 0.112520
0.332000 0.113167
0.334000 0.115172
0.336000 0.115147
0.338000 0.114327
0.340000 0.113725
0.342000 0.114834
0.344000 0.115745
0.346000 0.115317
0.348000 0.115223
0.350000 0.114772
0.352000 0.116590
0.354000 0.115702
0.356000 0.118724
0.358000 0.118575
0.360000 0.117840
0.362000 0.117467
0.364000 0.117410
0.366000 0.117639
0.368000 0.117896
0.370000 0.119075
0.372000 0.120823
0.374000 0.120321
0.376000 0.120434
0.378000 0.123005
0.380000 0.125524
0.382000 0.125207
0.384000 0.126077
0.386000 0.126095
0.388000 0.127575
0.390000 0.129013
0.392000 0.128294
0.394000 0.130128
0.396000 0.130232
0.398000 0.132984
0.400000 0.134049
0.402000 0.135129
0.404000 0.137277
0.406000 0.139162
0.408000 0.140082
0.410000 0.142855
0.412000 0.145665
0.414000 0.144130
0.416000 0.143964
0.418000 0.143908
0.420000 0.144930
0.422000 0.148371
0.424000 0.147660
0.426000 0.146867
0.428000 0.148316
0.430000 0.152056
0.432000 0.152228
0.434000 0.154067
0.436000 0.156628
0.438000 0.157187
0.440000 0.158599
0.442000 0.161287
0.444000 0.162374
0.446000 0.161895
0.448000 0.162573
0.450000 0.163800
0.452000 0.165032
0.454000 0.169210
0.456000 0.168935
0.458000 0.167979
0.460000 0.167546
0.462000 0.169008
0.464000 0.169619
0.466000 0.174110
0.468000 0.174455
0.470000 0.175760
0.472000 0.177307
0.474000 0.179772
0.476000 0.182125
0.478000 0.184896
0.480000 0.186262
0.482000 0.185575
0.484000 0.184546
0.486000 0.185831
0.488000 0.188088
0.490000 0.190221
0.492000 0.194770
0.494000 0.199304
0.496000 0.201829
0.498000 0.202717
0.500000 0.200920
0.502000 0.201316
0.504000 0.200322
0.506000 0.199363
0.508000 0.201745
0.510000 0.202084
0.512000 0.203965
0.514000 0.202909
0.516000 0.204693
0.518000 0.202938
0.520000 0.202667
0.522000 0.205084
0.524000 0.212491
0.526000 0.222527
0.528000 0.228751
0.530000 0.231373
0.532000 0.235336
0.534000 0.239428
0.536000 0.239098
0.538000 0.240530
0.540000 0.244933
0.542000 0.246068
0.544000 0.245724
0.546000 0.249561
0.548000 0.250998
0.550000 0.257982
0.552000 0.264553
0.554000 0.269079
0.556000 0.269550
0.558000 0.269989
0.560000 0.276199
0.562000 0.279388
0.564000 0.280497
0.566000 0.280784
0.568000 0.282287
0.570000 0.286026
0.572000 0.286743
0.574000 0.288759
0.576000 0.287698
0.578000 0.290529
0.580000 0.294376
0.582000 0.298314
0.584000 0.297164
0.586000 0.297956
0.588000 0.300870
0.590000 0.304796
0.592000 0.305524
0.594000 0.306130
0.596000 0.304795
0.598000 0.304084
0.600000 0.307634
0.602000 0.313517
0.604000 0.314045
0.606000 0.319357
0.608000 0.323231
0.610000 0.324652
0.612000 0.329043
0.614000 0.336651
0.616000 0.340577
0.618000 0.344895
0.620000 0.344146
0.622000 0.346801
0.624000 0.350514
0.626000 0.352004
0.628000 0.357085
0.630000 0.360235
0.632000 0.365760
0.634000 0.363869
0.636000 0.360958
0.638000 0.364905
0.640000 0.370699
0.642000 0.376759
0.644000 0.385358
0.646000 0.395594
0.648000 0.399642
0.650000 0.398816
0.652000 0.397273
0.654000 0.404493
0.656000 0.407737
0.658000 0.410220
0.660000 0.410324
0.662000 0.405819
0.664000 0.405783
0.666000 0.409203
0.668000 0.416093
0.670000 0.414234
0.672000 0.419318
0.674000 0.420081
0.676000 0.424694
0.678000 0.427872
0.680000 0.430204
0.682000 0.435207
0.684000 0.436551
0.686000 0.437269
0.688000 0.441432
0.690000 0.444643
0.692000 0.445688
0.694000 0.446044
0.696000 0.445936
0.698000 0.451853
0.700000 0.457444
0.702000 0.468487
0.704000 0.469239
0.706000 0.470380
0.708000 0.472446
0.710000 0.473003
0.712000 0.473113
0.714000 0.475354
0.716000 0.478606
0.718000 0.484343
0.720000 0.497485
0.722000 0.505490
0.724000 0.509520
0.726000 0.510543
0.728000 0.507913
0.730000 0.509157
0.732000 0.508750
0.734000 0.509786
0.736000 0.505021
0.738000 0.505534
0.740000 0.506724
0.742000 0.505880
0.744000 0.504362
0.746000 0.508125
0.748000 0.508744
0.750000 0.515213
0.752000 0.518125
0.754000 0.526503
0.756000 0.539633
0.758000 0.544742
0.760000 0.543713
0.762000 0.547251
0.764000 0.546740
0.766000 0.545718
0.768000 0.543899
0.770000 0.546675
0.772000 0.548081
0.774000 0.549051
0.776000 0.553111
0.778000 0.556615
0.780000 0.562840
0.782000 0.568644
0.784000 0.572718
0.786000 0.570372
0.788000 0.567497
0.790000 0.571738
0.792000 0.570200
0.794000 0.572082
0.796000 0.577747
0.798000 0.585215
0.800000 0.585476
0.802000 0.584565
0.804000 0.575208
0.806000 0.571794
0.808000 0.572603
0.810000 0.578009
0.812000 0.584697
0.814000 0.591904
0.816000 0.597361
0.818000 0.604079
0.820000 0.611740
0.822000 0.614593
0.824000 0.617716
0.826000 0.615426
0.828000 0.618303
0.830000 0.621384
0.832000 0.624264
0.834000 0.632815
0.836000 0.644327
0.838000 0.642253
0.840000 0.639568
0.842000 0.638559
0.844000 0.636094
0.846000 0.638797
0.848000 0.639700
0.850000 0.640836
0.852000 0.648251
0.854000 0.656915
0.856000 0.661681
0.858000 0.670965
0.860000 0.672921
0.862000 0.673523
0.864000 0.674386
0.866000 0.678706
0.868000 0.678525
0.870000 0.676600
0.872000 0.675332
0.874000 0.670362
0.876000 0.665433
0.878000 0.660899
0.880000 0.669235
0.882000 0.673465
0.884000 0.673518
0.886000 0.676491
0.888000 0.676039
0.890000 0.686659
0.892000 0.693756
0.894000 0.701537
0.896000 0.709770
0.898000 0.701973
0.900000 0.698267
0.902000 0.703331
0.904000 0.708919
0.906000 0.715683
0.908000 0.717280
0.910000 0.726218
0.912000 0.723596
0.914000 0.719321
0.916000 0.715810
0.918000 0.714813
0.920000 0.718015
0.922000 0.726103
0.924000 0.724562
0.926000 0.722012
0.928000 0.724766
0.930000 0.727356
0.932000 0.726669
0.934000 0.737151
0.936000 0.745509
0.938000 0.754270
0.940000 0.757125
0.942000 0.765854
0.944000 0.765447
0.946000 0.761155
0.948000 0.764860
0.950000 0.767098
0.952000 0.772462
0.954000 0.770050
0.956000 0.770616
0.958000 0.776245
0.960000 0.776468
0.962000 0.776933
0.964000 0.764783
0.966000 0.767244
0.968000 0.774710
0.970000 0.776831
0.972000 0.779765
0.974000 0.780796
0.976000 0.783546
0.978000 0.783655
0.980000 0.789839
0.982000 0.794885
0.984000 0.802980
0.986000 0.805051
0.988000 0.815671
0.990000 0.815487
0.992000 0.816341
0.994000 0.817335
0.996000 0.824300
0.998000 0.823091
1.000000 0.817058
1.002000 0.810242
1.004000 0.814568
1.006000 0.817287
1.008000 0.816034
1.010000 0.814197
1.012000 0.810373
1.014000 0.808589
1.016000 0.814280
1.018000 0.813793
1.020000 0.815675
1.022000 0.826103
1.024000 0.833036
1.026000 0.842315
1.028000 0.850655
1.030000 0.854934
1.032000 0.856047
1.034000 0.862312
1.036000 0.865579
1.038000 0.868968
1.040000 0.869106
1.042000 0.864075
1.044000 0.864060
1.046000 0.866294
1.048000 0.862329
1.050000 0.863602
1.052000 0.869304
1.054000 0.873426
1.056000 0.877261
1.058000 0.882596
1.060000 0.883639
1.062000 0.891560
1.064000 0.894891
1.066000 0.890245
1.068000 0.893586
1.070000 0.888047
1.072000 0.889798
1.074000 0.894335
1.076000 0.889318
1.078000 0.884564
1.080000 0.885265
1.082000 0.886030
1.084000 0.891319
1.086000 0.891551
1.088000 0.893134
1.090000 0.900115
1.092000 0.903598
1.094000 0.917784
1.096000 0.924567
1.098000 0.919755
1.100000 0.921760
1.102000 0.927415
1.104000 0.927161
1.106000 0.925736
1.108000 0.927397
1.110000 0.933376
1.112000 0.939342
1.114000 0.936357
1.116000 0.935431
1.118000 0.947550
1.120000 0.949700
1.122000 0.952211
1.124000 0.958110
1.126000 0.966293
1.128000 0.967500
1.130000 0.966687
1.132000 0.963887
1.134000 0.966148
1.136000 0.965439
1.138000 0.965595
1.140000 0.960062
1.142000 0.964280
1.144000 0.966466
1.146000 0.965157
1.148000 0.967626
1.150000 0.971550
1.152000 0.975536
1.154000 0.985021
1.156000 0.987673
1.158000 0.995605
1.160000 0.996889
1.162000 1.005824
1.164000 1.010473
1.166000 1.007588
1.168000 1.002568
1.170000 1.007753
1.172000 1.007030
1.174000 1.004321
1.176000 1.003864
1.178000 1.006319
1.180000 1.008463
1.182000 1.018302
1.184000 1.015599
1.186000 1.020327
1.188000 1.017081
1.190000 1.025016
1.192000 1.027587
1.194000 1.021653
1.196000 1.013160
1.198000 1.015198
1.200000 1.022329
1.202000 1.032870
1.204000 1.036719
1.206000 1.037145
1.208000 1.036506
1.210000 1.031929
1.212000 1.035259
1.214000 1.035362
1.216000 1.039481
1.218000 1.032880
1.220000 1.037478
1.222000 1.038245
1.224000 1.051352
1.226000 1.051348
1.228000 1.059900
1.230000 1.068150
1.232000 1.064399
1.234000 1.063671
1.236000 1.069700
1.238000 1.082013
1.240000 1.082290
1.242000 1.085953
1.244000 1.080069
1.246000 1.078861
1.248000 1.081519
1.250000 1.088657
1.252000 1.092650
1.254000 1.091250
1.256000 1.093866
1.258000 1.099015
1.260000 1.104124
1.262000 1.099049
1.264000 1.093655
1.266000 1.093894
1.268000 1.099391
1.270000 1.098631
1.272000 1.093664
1.274000 1.098410
1.276000 1.099983
1.278000 1.111035
1.280000 1.119301
1.282000 1.126082
1.284000 1.127241
1.286000 1.125685
1.288000 1.134854
1.290000 1.136005
1.292000 1.140051
1.294000 1.141140
1.296000 1.144466
1.298000 1.148932
1.300000 1.141538
1.302000 1.137593
1.304000 1.135304
1.306000 1.138613
1.308000 1.151875
1.310000 1.162789
1.312000 1.165531
1.314000 1.168271
1.316000 1.159741
1.318000 1.159689
1.320000 1.169641
1.322000 1.175310
1.324000 1.174023
1.326000 1.165734
1.328000 1.162902
1.330000 1.164427
1.332000 1.164793
1.334000 1.166671
1.336000 1.175232
1.338000 1.182473
1.340000 1.187689
1.342000 1.184865
1.344000 1.188990
1.346000 1.200500
1.348000 1.199174
1.350000 1.201264
1.352000 1.206809
1.354000 1.207597
1.356000 1.205030
1.358000 1.202101
1.360000 1.210169
1.362000 1.210684
1.364000 1.213627
1.366000 1.208247
1.368000 1.212619
1.370000 1.216052
1.372000 1.217022
1.374000 1.220089
1.376000 1.232071
1.378000 1.233271
1.380000 1.229082
1.382000 1.234941
1.384000 1.235361
1.386000 1.234547
1.388000 1.230603
1.390000 1.232308
1.392000 1.230912
1.394000 1.224728
1.396000 1.233712
1.398000 1.246662
1.400000 1.254372
1.402000 1.247408
1.404000 1.248302
1.406000 1.246525
1.408000 1.250894
1.410000 1.257286
1.412000 1.254060
1.414000 1.258125
1.416000 1.257494
1.418000 1.263514
1.420000 1.278011
1.422000 1.279800
1.424000 1.281969
1.426000 1.284500
1.428000 1.285147
1.430000 1.283062
1.432000 1.282751
1.434000 1.283985
1.436000 1.290284
1.438000 1.299181
1.440000 1.298164
1.442000 1.294671
1.444000 1.298300
1.446000 1.293607
1.448000 1.299579
1.450000 1.300334
1.452000 1.297574
1.454000 1.307965
1.456000 1.312013
1.458000 1.320428
1.460000 1.322465
1.462000 1.312992
1.464000 1.309410
1.466000 1.307874
1.468000 1.306589
1.470000 1.312015
1.472000 1.317430
1.474000 1.331637
1.476000 1.334182
1.478000 1.330969
1.480000 1.333747
1.482000 1.334725
1.484000 1.344264
1.486000 1.350366
1.488000 1.358810
1.490000 1.355192
1.492000 1.356656
1.494000 1.360071
1.496000 1.354589
1.498000 1.354252
1.500000 1.355284
1.502000 1.357340
1.504000 1.359217
1.506000 1.355370
1.508000 1.358885
1.510000 1.363236
1.512000 1.362886
1.514000 1.377223
1.516000 1.386278
1.518000 1.378338
1.520000 1.377658
1.522000 1.383014
1.524000 1.389024
1.526000 1.383920
1.528000 1.385096
1.530000 1.388410
1.532000 1.386986
1.534000 1.387898
1.536000 1.389147
1.538000 1.390630
1.540000 1.390371
1.542000 1.391544
1.544000 1.397157
1.546000 1.404684
1.548000 1.410058
1.550000 1.409971
1.552000 1.418186
1.554000 1.421329
1.556000 1.420060
1.558000 1.421741
1.560000 1.414631
1.562000 1.421658
1.564000 1.426289
1.566000 1.425508
1.568000 1.426702
1.570000 1.435157
1.572000 1.436918
1.574000 1.446090
1.576000 1.453947
1.578000 1.456695
1.580000 1.454812
1.582000 1.453543
1.584000 1.456351
1.586000 1.457075
1.588000 1.452230
1.590000 1.456927
1.592000 1.452111
1.594000 1.457907
1.596000 1.458385
1.598000 1.463321
1.600000 1.460381
1.602000 1.467870
1.604000 1.478216
1.606000 1.475091
1.608000 1.475798
1.610000 1.473877
1.612000 1.475849
1.614000 1.474475
1.616000 1.478542
1.618000 1.482573
1.620000 1.481505
1.622000 1.479253
1.624000 1.488381
1.626000 1.486466
1.628000 1.492986
1.630000 1.492545
1.632000 1.496794
1.634000 1.500966
1.636000 1.512524
1.638000 1.515103
1.640000 1.509161
1.642000 1.516727
1.644000 1.520581
1.646000 1.522917
1.648000 1.525618
1.650000 1.528148
1.652000 1.529900
1.654000 1.534525
1.656000 1.523848
1.658000 1.528931
1.660000 1.527012
1.662000 1.521739
1.664000 1.516315
1.666000 1.517993
1.668000 1.520823
1.670000 1.529937
1.672000 1.535961
1.674000 1.540707
1.676000 1.547076
1.678000 1.553427
1.680000 1.558837
1.682000 1.561315
1.684000 1.563712
1.686000 1.580247
1.688000 1.568238
1.690000 1.567777
1.692000 1.554701
1.694000 1.555014
1.696000 1.558199
1.698000 1.559036
1.700000 1.567934
1.702000 1.578803
1.704000 1.575566
1.706000 1.586255
1.708000 1.589981
1.710000 1.591471
1.712000 1.590170
1.714000 1.585098
1.716000 1.586424
1.718000 1.584211
1.720000 1.583697
1.722000 1.592751
1.724000 1.593455
1.726000 1.604980
1.728000 1.615319
1.730000 1.613950
1.732000 1.609804
1.734000 1.607903
1.736000 1.604954
1.738000 1.603838
1.740000 1.605765
1.742000 1.615611
1.744000 1.613097
1.746000 1.614076
1.748000 1.619427
1.750000 1.632105
1.752000 1.629946
1.754000 1.633107
1.756000 1.639237
1.758000 1.643367
1.760000 1.642305
1.762000 1.641401
1.764000 1.630397
1.766000 1.639159
1.768000 1.651519
1.770000 1.648931
1.772000 1.646762
1.774000 1.648545
1.776000 1.644436
1.778000 1.642444
1.780000 1.654148
1.782000 1.657200
1.784000 1.664102
1.786000 1.663346
1.788000 1.660954
1.790000 1.654166
1.792000 1.657935
1.794000 1.666713
1.796000 1.677981
1.798000 1.683516
1.800000 1.693052
1.802000 1.694821
1.804000 1.692101
1.806000 1.694509
1.808000 1.709312
1.810000 1.704027
1.812000 1.693788
1.814000 1.681655
1.816000 1.681360
1.818000 1.682913
1.820000 1.686278
1.822000 1.694217
1.824000 1.704480
1.826000 1.703944
1.828000 1.704946
1.830000 1.707515
1.832000 1.706371
1.834000 1.705545
1.836000 1.726173
1.838000 1.723771
1.840000 1.727379
1.842000 1.724227
1.844000 1.726452
1.846000 1.723235
1.848000 1.723611
1.850000 1.719883
1.852000 1.721100
1.854000 1.729978
1.856000 1.729920
1.858000 1.733318
1.860000 1.738792
1.862000 1.755858
1.864000 1.763940
1.866000 1.762038
1.868000 1.761310
1.870000 1.753005
1.872000 1.755114
1.874000 1.748841
1.876000 1.755593
1.878000 1.754575
1.880000 1.763307
1.882000 1.770295
1.884000 1.763724
1.886000 1.764267
1.888000 1.766710
1.890000 1.765276
1.892000 1.769327
1.894000 1.769492
1.896000 1.783347
1.898000 1.780603
1.900000 1.786255
1.902000 1.786612
1.904000 1.786750
1.906000 1.791105
1.908000 1.801040
1.910000 1.792997
1.912000 1.790831
1.914000 1.802199
1.916000 1.808507
1.918000 1.816121
1.920000 1.820535
1.922000 1.812306
1.924000 1.809841
1.926000 1.812799
1.928000 1.804801
1.930000 1.803419
1.932000 1.802659
1.934000 1.801060
1.936000 1.809532
1.938000 1.829294
1.940000 1.827195
1.942000 1.832882
1.944000 1.839890
1.946000 1.845786
1.948000 1.838981
1.950000 1.838770
1.952000 1.840370
1.954000 1.835331
1.956000 1.835449
1.958000 1.840818
1.960000 1.845479
1.962000 1.849597
1.964000 1.851385
1.966000 1.854657
1.968000 1.857294
1.970000 1.860232
1.972000 1.873886
1.974000 1.871070
1.976000 1.854087
1.978000 1.851585
1.980000 1.852995
1.982000 1.869230
1.984000 1.878902
1.986000 1.877670
1.988000 1.875929
1.990000 1.873629
1.992000 1.881019
1.994000 1.888217
1.996000 1.887004
1.998000 1.885205
